0	66.6831431388855	2.234097412048112	0.348925831202046	0.41117516629711753
1	64.23219168186188	1.4125797531754998	0.5557928388746803	0.5096230598669623
2	63.49110611279806	0.91388038076375	0.6992199488491049	0.5022616407982262
3	63.253946185112	0.7187664069954776	0.7603964194373402	0.5663192904656319
4	62.95946102142334	0.6143390440950612	0.7979539641943734	0.576629711751663
5	62.747002959251404	0.5169546200166748	0.8280562659846548	0.5856319290465631
6	62.64176218850272	0.45519271078054624	0.8511253196930947	0.5944345898004435
7	62.57330587506294	0.3993620506507602	0.8674680306905371	0.5966075388026607
8	62.510276079177856	0.3675251909304538	0.8781713554987213	0.5857427937915742
9	62.438697290420535	0.3220520434011713	0.8944373401534527	0.6232372505543238
10	62.354358738118954	0.29439464520431335	0.9019309462915601	0.6283370288248337
11	62.29218510786692	0.2648999756510764	0.913235294117647	0.6148780487804878
12	62.22472807077261	0.22873304774256883	0.9247570332480819	0.6323059866962306
13	62.21008089610508	0.20313081287790535	0.9337595907928389	0.6339911308203992
14	62.1908073425293	0.17831371845888985	0.9418925831202046	0.6454767184035477
15	62.180489122867584	0.15874876604969354	0.9480946291560103	0.6399778270509978
16	62.161742603077606	0.13196926648743698	0.9567007672634271	0.6348780487804878
17	62.122693883048164	0.12329417683871778	0.9607033248081841	0.646629711751663
18	62.0861895335348	0.1030118291912358	0.9660230179028133	0.6372949002217295
19	62.053552544116975	0.09219717321042728	0.9705498721227621	0.630509977827051
20	62.05278988111587	0.07815277031598847	0.9749104859335038	0.6379157427937916
21	62.04702371900732	0.07114815613086677	0.9778772378516624	0.655210643015521
22	62.04984957238902	0.06109490630755103	0.9802941176470589	0.6477383592017738
23	62.03786342342695	0.05594539138920182	0.9828260869565217	0.6519512195121951
24	62.020858459472656	0.05278250626492031	0.9842199488491049	0.6426829268292683
25	62.00116885625399	0.04303406556498125	0.9871994884910485	0.6595343680709534
26	61.98873051007589	0.03908854518654904	0.988772378516624	0.6574722838137472
27	61.98893545355116	0.035780991882492494	0.9895524296675192	0.6429711751662971
28	61.991777041862754	0.030370996381387537	0.9906393861892583	0.648869179600887
29	61.992339579264325	0.027719544190147313	0.9921867007672635	0.6635033259423503
30	61.974913843216434	0.023740425067705594	0.9930179028132993	0.6539689578713969
31	61.961374402046204	0.02447484623124692	0.9932480818414322	0.6498226164079822
32	61.94752991560733	0.01934270172887851	0.9941560102301791	0.6657871396895787
33	61.947953553760755	0.018595037301213955	0.994693094629156	0.6482261640798226
34	61.9489175932748	0.014524006694164019	0.9958695652173913	0.6621951219512195
35	61.94985067844391	0.015366464524106106	0.995843989769821	0.6550332594235033
36	61.95120600751928	0.012806069476935066	0.9964961636828644	0.6392017738359201
37	61.93705201148987	0.01198224262410616	0.9967647058823529	0.6606430155210643
38	61.9248281564468	0.010549126164792807	0.9971867007672635	0.6603991130820399
39	61.91123316884041	0.008846058460070638	0.9979028132992327	0.6506208425720621
40	61.911110145289726	0.009176222320439575	0.9977877237851662	0.6596452328159645
41	61.925360798835754	0.00445171091193533	0.9987468030690537	0.6501995565410199
42	61.92638126639433	0.008084274907112573	0.9978388746803069	0.6529046563192905
43	61.927722405303605	0.006201807321148658	0.9984398976982097	0.6573170731707317
44	61.91870742373996	0.005506685154177124	0.9986700767263427	0.6566962305986697
45	61.91006778115811	0.005593107233631372	0.9985933503836317	0.6675609756097561
46	61.901058602840344	0.00405264339876688	0.999079283887468	0.6597339246119734
47	61.90649922192097	0.00371281642881075	0.9990537084398977	0.6632150776053215
48	61.91148254822711	0.002818419264824112	0.9991943734015345	0.6533259423503326
49	61.914326133728025	0.004078225150366973	0.998925831202046	0.6570066518847006
50	61.916124147527356	0.002223128563662924	0.9994884910485934	0.6575831485587583
51	61.94783914089203	0.0028299910896651603	0.9994245524296675	0.6682926829268293
52	61.96846149552543	0.0030006539264932387	0.9993094629156011	0.6612638580931264
53	61.962466818315015	0.000456851179844744	0.9999360613810742	0.6638802660753881
54	61.96591714945706	0.0030124591049274243	0.9993478260869565	0.6628381374722838
55	61.97095475452287	0.0007155015724248477	0.9999360613810742	0.6626829268292683
56	61.97395364443461	0.0015216350614022632	0.9996291560102302	0.6649445676274944
57	61.969387091439344	0.0017029072450212002	0.999693094629156	0.6603547671840355
58	61.96019685874551	0.0001709651246162664	0.9999744245524297	0.664589800443459
59	61.95199211438497	0.001881275812663172	0.9995524296675192	0.6631929046563193
60	61.950079503606574	0.0007564671402581669	0.9997186700767263	0.6650776053215077
61	61.949746904834626	0.0006324934060352484	0.9998081841432225	0.6632372505543237
62	61.950422987105355	0.0005526266437906133	0.9998849104859335	0.6652771618625277
63	61.94964499771595	2.3781871530176764e-05	1.0	0.6650554323725055
64	61.94093559705294	1.0283017943504204e-05	1.0	0.6654767184035477
65	61.933340433872104	4.793265556459101e-06	1.0	0.66490022172949
66	61.92590515293292	0.000562085584512434	0.9998976982097186	0.6618181818181819
