0	135.05712819099426	2.996250244425411	0	0.07281235902877661
1	120.27107548713684	2.669137292404845	0	0.10445063207915468
2	115.3056046962738	2.46025548189168	0	0.11928192575078668
3	113.03595370054245	2.288991401605355	0	0.128135049807487
4	111.64131088256836	2.1422033276656642	0	0.13782136695753736
5	110.53825048605601	2.013533099046166	0	0.14054730337326646
6	109.79236946787152	1.9021806548649873	0	0.14149455094145455
7	109.39194935560226	1.808410210097898	0	0.14231868772562117
8	109.27212127049764	1.726288859413439	0	0.14628596459906448
9	108.86107301712036	1.6550618854714756	0	0.14458684731726762
10	108.61330587213689	1.5923405455301516	0	0.14290868223681477
11	108.32876110076904	1.5289329463520194	0	0.13828364663925866
12	108.15235611108633	1.458592506880443	0	0.14174882958903645
13	108.09815880230495	1.400479137785312	0	0.1375919109451125
14	108.0405112584432	1.348699878101965	0	0.1368731865642064
15	107.8670764863491	1.2999362024376953	0	0.136443786597181
16	107.75450699469623	1.2497573231850543	0	0.13718910537291568
17	107.6138203938802	1.212691049541404	0	0.13465406389980172
18	107.49794727877567	1.167049249150373	0	0.1357700917656214
19	107.4146493434906	1.1274494498108083	0	0.13330826916092287
20	107.3065155801319	1.0928003426963742	0	0.1348844422780523
21	107.24011049487375	1.0576293430147385	0	0.1337813939382945
22	107.16181123774984	1.0250826348624236	0	0.13292799490371476
23	107.1281322936217	0.9979156851020631	0	0.1292568315139205