0	152.89032340049744	3.012838862247419	0	0.06861286561290943
1	138.81637179851532	2.686594927699832	0	0.100552438022307
2	132.67960556348166	2.485487054626795	0	0.11762926632322257
3	129.82714569568634	2.3131167858352923	0	0.1242065120554843
4	127.9922559261322	2.1736716336408253	0	0.13389763878872876
5	126.64931921164195	2.0428120632617355	0	0.13689860051564046
6	125.70376113482884	2.0054092479769228	0	0.13994242476733604
7	125.08937922120094	1.8386012972747368	0	0.14051902454190224
8	124.60361774762471	1.7603498159567714	0	0.14203373019825663
9	124.11626598834991	1.693975935840846	0	0.1438809630859418
10	123.74339847131209	1.630292482477808	0	0.14185584834881412
11	123.50396446386974	1.5586940969248189	0	0.14213523106015546
12	123.3156036046835	1.4934058379349175	0	0.14094849091342934
13	123.0658621447427	1.4335555777121967	0	0.14017435039480006
14	122.91666771570841	1.3785941234346915	0	0.13983685109599994
15	122.74305175244808	1.3281589663275513	0	0.13774849592222602
16	122.60477998677422	1.2806758286064512	0	0.13937903000224952
17	122.45842851532831	1.2376451334323608	0	0.13692406822309966
18	122.36572963313053	1.1962947028606121	0	0.13806061702586223
19	122.25689836740494	1.158385188097936	0	0.13436140782855951
20	122.18215831120808	1.123178931352784	0	0.1349842662438534
21	122.07437901063399	1.0881437410599315	0	0.13612812489308085
22	122.01222484008126	1.0556872005070768	0	0.1336508404988047
23	121.92197778820992	1.0252916415407787	0	0.13254962108010274
24	121.83837646484375	0.9962756838485917	0	0.1291980233953324