Epoch	Training_Time	Train_Loss	Train_Score	Valid_Score
0	0.8925156593322754	6076.339662905092	0.5692431036008755	0.6083678385890432
1	0.6046479940414429	5199.832980685764	0.5932323177261053	0.6231013768658396
2	0.5441064834594727	4910.202654803241	0.6545185220351392	0.6445951010672194
3	0.4869503974914551	4741.942626953125	0.6854103614623592	0.6643052107182639
4	0.4529582500457764	4612.746523256655	0.7107932237545326	0.6665045954233706
5	0.42954270044962567	4491.404382776331	0.7335327702656779	0.6679159222098162
6	0.41311444555010113	4473.369524920428	0.7369805768951759	0.6619664090161845
7	0.4010303318500519	4392.80150462963	0.7550584884549197	0.6743343203729585
8	0.39198795954386395	4359.664261429398	0.7592605116970494	0.6718751169021893
9	0.3848299503326416	4286.254896375868	0.770651060888874	0.6953971060106194
10	0.38552008975635876	4183.079951533565	0.7853980597375504	0.689018275969686
11	0.37995843092600506	4126.725929542824	0.7954822427252866	0.6978797773297675
12	0.3747694125542274	4067.3757414641204	0.805638535013227	0.680752436299699
13	0.37067268575940815	4002.9512216073495	0.8132354920279015	0.6778819869129309
14	0.3669293244679769	3924.6718297887733	0.8217887650988088	0.6933914807255934
15	0.36399661004543304	3841.200349030671	0.8348050557258565	0.6910274515684783
16	0.36174408127279845	3747.988566080729	0.8432234624571178	0.6910629008490186
17	0.3598047759797838	3671.595341435185	0.8537085619688799	0.6786585569576669
18	0.35796131585773666	3645.320925112124	0.8595623421381526	0.6834803867713025
19	0.35644041299819945	3542.789532696759	0.8689928184063795	0.6808628436933692
20	0.35571684156145367	3476.627007378472	0.8757931174984597	0.6783746954844208
21	0.3543755791404031	3416.119199399595	0.8824912099221641	0.6858171573118691
22	0.35304303791212	3321.229885525174	0.8909347739383511	0.6800811226126127
23	0.35188955068588257	3268.6503951461227	0.8963816725316566	0.6818465483287253
24	0.350615873336792	3191.758287217882	0.9025479559982139	0.6865729138909776
25	0.3494860025552603	3121.2909930193864	0.9092623704394248	0.678311747893435
26	0.348267811316031	3066.6755348488136	0.913947620972958	0.6687998882201752
-1	-1	-1	-1	-1
0	0.38465213775634766	5995.230107060185	0.5731231294246818	0.610506591785539
1	0.35152482986450195	5225.389675564236	0.5843492615465242	0.6053030831801687
2	0.34215807914733887	5011.813585069444	0.635909822445561	0.6485697042066582
3	0.33570241928100586	4796.979365596065	0.6808862684902902	0.633137858236135
4	0.3317375659942627	4722.657371238426	0.6892074688639721	0.6533062232336169
5	0.3417343695958455	4613.369502314815	0.7095604129897277	0.6672135962489892
6	0.33862457956586567	4545.437915943287	0.7240181136392984	0.6753394754475619
7	0.33626803755760193	4435.714432327835	0.7401600217248591	0.6780110719196144
8	0.33607180913289386	4405.666883680556	0.7500580281838088	0.6916057155779138
9	0.3347186088562012	4302.973782009549	0.7689171420687243	0.6892067340720004
10	0.33441591262817383	4246.506205240886	0.7775849061743004	0.6943419393760163
11	0.3365201950073242	4134.492015697338	0.7917262094064811	0.7036180426181177
12	0.33527376101567197	4070.1255922670716	0.8026663133853662	0.6940447682241917
13	0.3343220608575003	4031.05829083478	0.809745591781817	0.6909850454153783
14	0.33303879102071127	3936.7124701605903	0.8220264789083368	0.7027844426379364
15	0.332102432847023	3889.516375506366	0.8273631688813825	0.6873554577354567
16	0.33136843232547536	3805.151272243924	0.8395887979620592	0.6982584594841091
17	0.3306928343243069	3771.1157723885995	0.8442346482660678	0.7032933680952498
18	0.3306519734232049	3722.118724681713	0.8506323279193894	0.6895024798084368
19	0.330296790599823	3633.6322744864005	0.8606832621091679	0.6969287163791226
20	0.3302474816640218	3560.0800148292824	0.8679815541970711	0.6991556431649604
21	0.32976432280106976	3495.1075575086807	0.8745171890564002	0.7007139717262609
22	0.32927546293839166	3442.854749891493	0.8800715933110852	0.6977815320647235
23	0.32864407698313397	3362.510656286169	0.8876195027584821	0.6944126273104789
24	0.3285187244415283	3309.256691261574	0.8928919659252255	0.6922308648704582
25	0.32822030324202317	3231.347258391204	0.8993176368971375	0.6943275826111602
26	0.32799929159658925	3175.345538104022	0.9049647210487093	0.692861665733161
-1	-1	-1	-1	-1
0	0.3795130252838135	11281.885805483218	0.48931510713545284	0.508375073143761
1	0.35085415840148926	6974.919745551215	0.4648776920781955	0.4854503857862524
2	0.3393603165944417	5724.514634874132	0.5140118373080803	0.4978044513018234
3	0.35561424493789673	5476.502495659723	0.5514257973758365	0.5369621501771912
4	0.3495203971862793	5360.352701822917	0.5831821312904724	0.5423113262175374
5	0.34478962421417236	5024.93933557581	0.6357068267423216	0.5568893847803964
6	0.34182889120919363	4967.175256799768	0.6497815761215294	0.5820870630056421
7	0.33907413482666016	4703.042579933449	0.6943937692329556	0.6080962667244331
8	0.33717327647738987	4600.556568287037	0.7105605294880696	0.6237361527525386
9	0.3360335350036621	4644.326841001158	0.7086084058471802	0.6188564989799454
10	0.3346401778134433	4447.379878291377	0.7347081814480916	0.632757377885635
11	0.3331173857053121	4394.1259765625	0.744720448663466	0.62048327148718
12	0.3322728413801927	4321.199074074074	0.754567408565788	0.6449523771706164
13	0.3312540735517229	4284.086900499132	0.7595425546880903	0.6466594681714742
14	0.33008238474527996	4195.176197193287	0.7713482563575659	0.6360795931072586
15	0.3292664736509323	4132.86156322338	0.7795254903997597	0.6417889173968733
16	0.3283701503978056	4068.791517469618	0.7874954175719139	0.6414062617259986
17	0.3277727895312839	3985.3013373480903	0.7980070810823955	0.6479512624682539
18	0.3273676445609645	4032.384539568866	0.7957826665183202	0.6453459828549953
19	0.3271119832992554	3887.45886682581	0.8108172484652727	0.6562585115171113
20	0.32686934016999747	3903.248159903067	0.8107130463615374	0.6538191412043148
21	0.32682659409262915	3803.961972837095	0.8199777500132387	0.6580935032719043
22	0.3264341769011124	3783.4674479166665	0.8217783303202215	0.6521808276252162
23	0.3259843587875366	3728.515046296296	0.8284569658265722	0.6577451847701965
24	0.32573227882385253	3707.417810510706	0.8317117821676484	0.6605216227381833
25	0.3256543507942787	3684.44539614077	0.8342386088824771	0.6630305881220758
26	0.32543237121016894	3621.191960087529	0.8405854355036722	0.6575980650049693
27	0.3281035082680838	3599.2810420283563	0.8435613353130399	0.6610228405678703
28	0.32780495183221225	3548.9579038266784	0.8476297306467129	0.6573580933763695
29	0.32770771185557046	3533.697193287037	0.8487437126342016	0.6536370316487696
30	0.3276435944341844	3498.8915201822915	0.8534229031590495	0.6558709403362893
31	0.3274511322379112	3472.0469247323495	0.8552338217385972	0.656301253656733
32	0.32732343673706055	3432.271109121817	0.8594483256461671	0.658866823375959
33	0.3273627477533677	3405.5246808087386	0.8620050946778203	0.6548301722318611
34	0.3271473407745361	3377.4955692997687	0.8646687820261376	0.6566221107311818
35	0.3267422848277622	3350.727389865451	0.8671411563519436	0.6608209164480687
36	0.32639940364940745	3328.564012315538	0.868916013663539	0.6523578159929013
37	0.3261618488713315	3310.0776141131364	0.8706132401710384	0.6554767287794182
38	0.32592280705769855	3286.423769350405	0.8730097258823117	0.6582566462955434
39	0.3256041884422302	3252.2712040653937	0.8757289898405531	0.6591113717995453
40	0.32548447934592645	3256.4653704607927	0.8765688412376267	0.6555377623121904
-1	-1	-1	-1	-1
0	0.3850550651550293	11051.754503038195	0.49098156345332794	0.5061763667443124
1	0.34950554370880127	7265.702152958623	0.4659268547981854	0.485309286113961
2	0.3393372694651286	5839.211489076967	0.5035741799320637	0.4994679575525045
3	0.33401626348495483	5562.446415653935	0.5394297520610198	0.5216947223876517
4	0.33022079467773435	5388.859836154514	0.5758414477040487	0.5452427646163592
5	0.3280619780222575	5165.1513671875	0.621560641482799	0.589827528407887
6	0.3268909454345703	4965.816193757234	0.6541804908179818	0.5919359315678503
7	0.326176255941391	4795.337831850405	0.6795235239188505	0.6010373271912689
8	0.3251970609029134	4644.829770688658	0.7066825585343982	0.6081275167907212
9	0.3239844083786011	4632.645015010127	0.7148264542652042	0.6111773737776551
10	0.3306790698658336	4501.95447229456	0.7284522559267199	0.6183772741039008
11	0.3295627435048421	4340.805324978299	0.7526921697987375	0.6438977302165949
12	0.32831512964688814	4303.4186604817705	0.7542354300735353	0.637084709628129
13	0.3272591659000942	4318.52404333044	0.7557371006511974	0.6299558119971186
14	0.3264143149058024	4097.031426323785	0.7849368554734489	0.6363080157045836
15	0.326045423746109	4030.4781042028358	0.7916295746797377	0.6455698247940432
16	0.325487824047313	3969.9578088831017	0.7979075849594733	0.6483084276440911
17	0.3249223497178819	3906.934832537616	0.8064388098598791	0.6469135162011534
18	0.32917509580913346	3871.568431712963	0.8110699608400003	0.6495903439504129
19	0.33187304735183715	3798.797593858507	0.8182613499351287	0.6474915685226065
20	0.3384871028718494	3753.9269386574074	0.824387661232229	0.649950267365674
21	0.34349688616665924	3714.1094382957176	0.828358694146605	0.6544718149121129
22	0.34238117674122687	3678.378083405671	0.8328665293000729	0.6480753177392871
23	0.34582119186719257	3644.1984953703704	0.83564365297437	0.6532607188196878
24	0.3449075508117676	3589.963365342882	0.8419981391719946	0.6480397080059105
25	0.34374745992513805	3559.391266999421	0.8449536910583293	0.6559940535526263
26	0.34295411463137027	3507.778980396412	0.8504517212274566	0.6533595449035258
27	0.3419943962778364	3470.681753653067	0.8537456203109448	0.6552781827381583
28	0.34118454209689436	3434.9226390697336	0.8573468379283959	0.6562815383255307
29	0.34032240708669026	3400.7116473162614	0.8605547610209511	0.6495129474429748
30	0.33968484017156786	3373.5943083586517	0.8632436155433378	0.6594382581484031
31	0.3388790935277939	3330.240781430845	0.8673825627770252	0.6573640110476429
32	0.3382470029773134	3308.3669750072336	0.8689656212897037	0.6603309506871259
33	0.33762391875771913	3292.8745207609954	0.8716823954624584	0.6537208284353895
34	0.33908205713544576	3244.023455584491	0.8750773450778695	0.6598702737440361
35	0.34060338470670914	3218.652569806134	0.8771886996986394	0.6524680215291251
36	0.34002679747504155	3195.635100188079	0.8792942972760812	0.6566834741230507
37	0.33947139664700154	3176.1135706018517	0.8809163938701228	0.6569371341311142
38	0.338959351564065	3165.3007541232637	0.8829716243392333	0.6559749194136894
39	0.3385416030883789	3130.6560284649886	0.8848917560208238	0.6518352937526997
40	0.3383088460782679	3100.1638025354455	0.8871544632766662	0.6585134250261142
41	0.3379142965589251	3088.5077763310187	0.888627434907885	0.6525725770227885
42	0.3375286556953608	3058.6792353877313	0.890893475342673	0.6578257080355226
43	0.3383837775750594	3050.166449652778	0.8915607394459031	0.6554493448991735
44	0.33792413075764977	3029.987363462095	0.893564622871653	0.6578824448896039
45	0.33744571001633356	3005.0213035300926	0.8953979916847451	0.6566189947934653
46	0.337014025830208	2992.324069552951	0.8966493345707012	0.6550536671096663
47	0.33669500052928925	2973.704978660301	0.8978086877969516	0.6559470452115493
-1	-1	-1	-1	-1
