0	5.351125001907349	274.2937858160152	0.7218006552558875	0.7623946698020772
1	4.536848425865173	272.0699975213339	0.7231467624941921	0.7480618018812462
2	4.265562375386556	261.1175409767979	0.7553641168818866	0.747587203605722
3	4.146755278110504	258.94028116566267	0.7603099204310168	0.755967690574172
4	4.085443210601807	253.0230529031088	0.777025332651497	0.7640756662747403
5	4.060567696889241	248.2028293239978	0.7911632263186622	0.8068874926513816
6	4.046361037663051	245.9369090841722	0.7967337702321046	0.7765928130511464
7	4.0055151879787445	241.06964799969694	0.808129918725059	0.8104730060748578
8	3.9736031426323786	236.11328192829163	0.8186431136516393	0.8089267342739564
9	3.947899842262268	236.6558606569157	0.8183349596659932	0.798402900254752
10	3.9337883429093794	232.09656509502915	0.8267978784611769	0.781375538898687
11	3.9166181683540344	222.19982141487358	0.8482063659287442	0.8096585341955711
12	3.9018445381751428	221.9966918636662	0.8472060252498141	0.8161834950029394
13	3.8898252078465054	217.99425011272578	0.8552532578255683	0.7607932833627278
14	3.886786953608195	211.00600924602776	0.8648556774148837	0.7984794483637075
15	3.8909364491701126	208.85631007187126	0.8688758271946879	0.7909379286694102
16	3.8951111541074863	208.23644032034764	0.8735177698458035	0.8113303448951598
17	3.8899618652131824	201.41762103590855	0.8798808818119895	0.7961646335488928
18	3.881362199783325	191.13361273255458	0.8938303537852781	0.7919636733294141
19	3.873771035671234	185.0958094680032	0.9002781100613366	0.806005658436214
20	3.8667129448481967	177.86990587101425	0.9075598274440202	0.8045328728199098
21	3.8601184758273037	169.2453537042751	0.916975709171942	0.7936262982559278
22	3.853487730026245	168.29490674096485	0.9175054890008789	0.7694952723887909
23	3.857958356539408	159.7795774677927	0.9247463259371593	0.7939263668430334
24	3.860185146331787	149.38811641792918	0.9336671313624328	0.784621178718401
25	3.859671950340271	139.20377675183983	0.9418454504856033	0.7882832402508329
26	3.854816542731391	129.12563357611958	0.9483601532983421	0.8179042964922594
27	3.8505406209400723	129.9684952081636	0.9476581117262857	0.7980109739368999
28	3.846106710105107	113.36377149589302	0.9583303687534165	0.7512308935920047
29	3.8426509062449137	106.85502420100131	0.9618891974330259	0.7972056878306878
30	3.8467621341828377	97.14780907875807	0.9662712993533354	0.7831698265726044
31	3.8521444126963615	100.61451721006586	0.9641357253375316	0.784789584558103
32	3.84907908150644	87.13984659874393	0.9707830909656828	0.7785187634724672
33	3.8524744160035076	79.54556784241699	0.9746087574681783	0.7826829805996472
34	3.8516423497881207	89.45367994095928	0.9696101937943328	0.7853009259259258
35	3.848250925540924	75.03907174472661	0.9769244873822694	0.7647982804232802
36	3.8446114836512386	69.86809384822845	0.9786922399019402	0.7788402655300805
37	3.84145272405524	59.61462258183679	0.9826034862229565	0.7521402851263963
38	3.840270085212512	63.94556006073027	0.9803767193367433	0.779749657064472
39	3.8372025012969972	56.54874263114707	0.9833890571836196	0.7800680971977267
40	3.8343024602750453	46.114002022632334	0.9873167838350667	0.7786473642955124
41	3.8315232594807944	56.69786304466484	0.9835084178349676	0.790506197334901