Epoch	Training_Time	Train_Loss	Train_Score	Valid_Score
0	66.5146689414978	3.0495679433138982	0.15964194373401536	0.20711751662971176
1	63.99238300323486	2.2347097138823933	0.34154731457800513	0.35235033259423504
2	63.24059009552002	1.5024625432423016	0.5247953964194373	0.3990909090909091
3	62.811280369758606	1.154353460476851	0.6223785166240409	0.4793569844789357
4	62.493109130859374	0.9627715498696763	0.6852557544757033	0.5034368070953437
5	62.31541438897451	0.8074612469334649	0.7318670076726342	0.5238580931263858
6	62.20039977346148	0.7048943138234744	0.769923273657289	0.532350332594235
7	62.112796664237976	0.6142488313860179	0.7969309462915601	0.5377383592017738
8	62.020076195398964	0.6036564729278587	0.8047314578005115	0.5502217294900221
9	61.94434151649475	0.5044483365704429	0.8330690537084399	0.573370288248337
10	61.87464174357328	0.463207764301065	0.8465856777493607	0.5715521064301552
11	61.806411584218345	0.42124754428229433	0.8605882352941177	0.5695787139689579
12	61.75273955785311	0.3683812505993901	0.8780562659846547	0.5816629711751663
13	61.72517909322466	0.3262791518234753	0.8918797953964195	0.6001773835920178
14	61.69715725580851	0.29762244947047356	0.9029028132992327	0.5993791574279379
15	61.671752974390984	0.2610740006391459	0.9132225063938619	0.5956984478935698
16	61.651389977511236	0.2311478343964882	0.9220332480818414	0.583569844789357
17	61.62120105160607	0.2124701245745681	0.929462915601023	0.6111973392461197
18	61.60931982492146	0.1920495828525613	0.9369820971867008	0.5975831485587583
19	61.58879252672195	0.16813565689080384	0.9437340153452686	0.5930820399113083
20	61.58743909427098	0.15401822471409676	0.949616368286445	0.5999778270509978
21	61.57598446715962	0.1381341516441908	0.9546291560102301	0.6069623059866962
22	61.568059288937114	0.12157703586055144	0.9595140664961637	0.5890243902439024
23	61.556237091620766	0.10744348087732633	0.9653964194373401	0.6143015521064301
24	61.549082355499266	0.09384577921887977	0.9695907928388747	0.5943237250554324
25	61.586431118158195	0.08445673593659575	0.9730179028132993	0.6118847006651885
26	61.62470133216293	0.080698192546269	0.9743734015345269	0.6134146341463415
27	61.655465381486074	0.0651677633871113	0.9794501278772378	0.6115521064301552
28	61.68967008590698	0.06243130130632918	0.9801406649616369	0.6159645232815965
29	61.72295335928599	0.05764266499384199	0.9814322250639386	0.6187583148558758
30	61.74475013056109	0.046318529634019855	0.9858695652173913	0.6037915742793791
31	61.76549319922924	0.041569270807904575	0.9873273657289002	0.6100443458980044
32	61.78596036361925	0.04086753187835839	0.9873017902813299	0.614390243902439
33	61.80459088437698	0.03352772858873029	0.9898593350383632	0.6169179600886918
34	61.82148054667881	0.03191625493923395	0.9902685421994885	0.6148115299334812
35	61.83853108353085	0.028240125833215186	0.9917263427109975	0.6140576496674057
36	61.85488412186906	0.02873241133239722	0.9924936061381074	0.6148337028824834
37	61.87230750134117	0.01957051262741627	0.9944245524296675	0.6078270509977827
38	61.88730219694284	0.022398765594897032	0.9933759590792839	0.6099113082039911
39	61.901029139757156	0.018643373373409468	0.9947826086956522	0.6161419068736141
40	61.91141482097347	0.015637480642813034	0.995383631713555	0.6232815964523282
41	61.9197226308641	0.015300238336003316	0.9960485933503836	0.6181818181818182
42	61.92951181877491	0.012583822709204624	0.996611253196931	0.6217073170731707
43	61.93876990946856	0.011426753185590872	0.9968925831202046	0.6142572062084257
44	61.94890124532912	0.012055326549793632	0.9971355498721227	0.6235920177383592
45	61.96429032864778	0.01035925923487151	0.9974680306905371	0.6246784922394678
46	61.97092161280044	0.006619909449233458	0.9981713554987213	0.6215077605321507
47	61.97863004604975	0.008730225503775196	0.9978644501278773	0.6178492239467849
48	61.98582554350094	0.006919172661994133	0.9980946291560102	0.621840354767184
49	61.993650884628295	0.006041394624333912	0.9987468030690537	0.6209977827050998
50	62.00357926593107	0.005249093535427238	0.9987084398976982	0.6219955654101995
51	62.017858908726616	0.005075721646628429	0.9985421994884911	0.6206873614190688
52	62.02675612917486	0.005382670549281725	0.9986828644501279	0.6202217294900222
53	62.012871093220184	0.0027176162018781253	0.9993094629156011	0.6197339246119734
54	62.00213506872004	0.003607882547118299	0.999079283887468	0.6182261640798227
55	61.99784428732736	0.0014785582391322464	0.9995652173913043	0.6254988913525499
56	61.99125828659325	0.00363535916548888	0.9990409207161125	0.6216186252771618
57	61.98265242987666	0.002709763055544897	0.9994757033248082	0.6188026607538802
58	61.973989280603696	0.0023425245405798213	0.9994373401534526	0.6250332594235033
59	61.96125974257787	0.0006569055019721191	0.9999488491048594	0.6241463414634146
60	61.94884700462466	0.0026326366078987373	0.999386189258312	0.6195121951219512
61	61.94098222640253	0.00043910938295225674	0.9998976982097186	0.6262971175166298
62	61.93220596843295	6.142766284682577e-05	1.0	0.6260975609756098
63	61.927495162934065	0.0014106656063370842	0.9996291560102302	0.6214190687361419
64	61.91683047367976	0.001225236927990773	0.9996803069053708	0.6193569844789357
65	61.909547715476066	0.002061444386601892	0.9996675191815857	0.6251884700665189
66	61.8991116445456	0.0006005752826786598	0.9998849104859335	0.6266962305986696
67	61.89155113346436	5.760545471229077e-05	1.0	0.6270953436807095
68	61.88692370013914	0.0014927533421048205	0.9997186700767263	0.6202882483370288
69	61.8820734330586	0.0008477688429205547	0.9998593350383632	0.626319290465632
70	61.87317663179317	3.7526324521457754e-05	1.0	0.6272727272727273
71	61.86647594968478	2.1935342678839683e-05	1.0	0.6280931263858093
72	61.858246672643375	0.0006447980711494505	0.9998849104859335	0.6280487804878049
73	61.85219089727144	0.0008445014150321082	0.999846547314578	0.6253436807095344
74	61.84626575152079	6.531671759272658e-05	0.9999744245524297	0.6265188470066518
75	61.83940829101362	1.0802366990202793e-05	1.0	0.6265188470066518
76	61.83123610236428	6.89038185500105e-06	1.0	0.6267849223946785
77	61.82248586569077	4.549802085603782e-06	1.0	0.6262527716186252
78	61.81335260294661	0.0002827517280537524	0.9998849104859335	0.6251441241685144
79	61.80574110746384	1.2246549696415308e-05	1.0	0.6262527716186252
80	61.800598606651214	3.4867794321525614e-06	1.0	0.6260975609756098
81	61.79606067843554	2.0813337355756584e-06	1.0	0.6263858093126385
82	61.79357469225504	1.3280492307238114e-06	1.0	0.6256541019955654
83	61.787657235349926	1.3826372913874555e-06	1.0	0.6263414634146341
84	61.781783810783836	8.16129590711555e-05	0.9999744245524297	0.6264745011086474
85	61.77431752515394	2.1925280482477595e-06	1.0	0.6266075388026607
86	61.769600196816455	8.206253563244924e-07	1.0	0.6266297117516629
-1	-1	-1	-1	-1
0	63.13111662864685	3.1643777581361623	0.13443734015345268	0.16008869179600888
1	62.29655337333679	3.3372054476589694	0.10749360613810742	0.1290909090909091
2	62.04110964139303	2.8436072182440717	0.2023145780051151	0.26674057649667404
3	61.89317065477371	2.008182137619259	0.3959718670076726	0.37855875831485586
4	61.83349170684814	1.5065745175275007	0.525076726342711	0.42505543237250554
5	61.79748674233755	1.2228688733277266	0.6063810741687979	0.4777383592017738
6	61.7579882144928	1.033395933661055	0.6646675191815857	0.4791352549889135
7	61.70584997534752	0.9047962350804365	0.703849104859335	0.4899778270509978
8	61.69335497750176	0.8118531485553069	0.7356649616368286	0.5213525498891353
9	61.665163564682004	0.7201026375306413	0.7643734015345268	0.5262527716186253
10	61.7274311022325	0.6605247684957157	0.7825831202046036	0.5290465631929047
11	61.825468262036644	0.5935287822294011	0.805076726342711	0.536430155210643
12	61.83901992210975	0.536658464539217	0.8230562659846548	0.5346341463414634
13	61.80690382208143	0.4778292520755198	0.8422378516624041	0.5709090909090909
14	61.79052734375	0.4358189406449588	0.8554987212276215	0.5560310421286031
15	61.771333783864975	0.3977556839743827	0.8671483375959079	0.565210643015521
16	61.77113974795622	0.36067458952482906	0.8804347826086957	0.5504878048780488
17	61.76372451252408	0.32564347355288137	0.8909718670076726	0.5717516629711752
18	61.76476956668653	0.29740286657415976	0.899539641943734	0.5834589800443459
19	61.750162267684935	0.2721155069470436	0.9089641943734015	0.5670953436807096
20	61.73422211692447	0.24614932765740652	0.9176598465473146	0.5739246119733925
21	61.719859589229934	0.22491973958390882	0.9247058823529412	0.5711751662971175
22	61.71452779355256	0.20664165860900133	0.9313682864450128	0.5769623059866962
23	61.709491004546486	0.1857616096489595	0.9384271099744246	0.5750776053215078
24	61.70554100990295	0.16991032177769866	0.9432225063938618	0.574789356984479
25	61.69132008919349	0.1517365957263445	0.9494884910485933	0.5825055432372506
26	61.67788874661481	0.13803137727440928	0.952851662404092	0.5769844789356985
27	61.66507679224014	0.12654765134458368	0.957851662404092	0.5931263858093127
28	61.658093312691	0.11135991601408314	0.9626214833759591	0.587139689578714
29	61.651590776443484	0.1016930214027644	0.9661892583120205	0.5775388026607539
30	61.653501549074726	0.09373876314538603	0.9694501278772378	0.5833481152993348
31	61.64885578304529	0.0797780592361668	0.9733759590792839	0.5856984478935698
32	61.645334872332484	0.07584165865054722	0.9757544757033249	0.5873392461197339
33	61.63400922803318	0.0664600820813495	0.9780818414322251	0.5848115299334812
34	61.62808850152152	0.057720461772008166	0.9812915601023018	0.5848115299334812
35	61.62478619151645	0.05298473395401793	0.98346547314578	0.5862084257206208
36	61.617915617453086	0.04990274158872561	0.9848593350383632	0.5922616407982262
37	61.61355221271515	0.040552268669619224	0.9867902813299233	0.5756319290465632
38	61.608770529429115	0.03837732069429053	0.9882992327365729	0.5829711751662972
39	61.60132548809052	0.03292925139207809	0.989923273657289	0.5919290465631929
40	61.59384901349137	0.03168065767293174	0.9901406649616368	0.5896230598669623
41	61.594798150516695	0.02848427168669769	0.9912659846547315	0.5898669623059867
42	61.59148991939633	0.023956866840937206	0.9928772378516624	0.5934368070953436
43	61.59237972714684	0.021379111618537054	0.9933503836317136	0.5930376940133038
44	61.588911294937134	0.021849925861824143	0.9937851662404092	0.5884478935698448
45	61.58590166983397	0.01572288043164473	0.9957033248081841	0.5898226164079823
46	61.57973206804154	0.013989904450013628	0.9960613810741688	0.5966962305986696
47	61.577966337402664	0.0151625049795654	0.9960613810741688	0.5963636363636363
48	61.577173685540956	0.012560452862483232	0.996457800511509	0.5907095343680709
49	61.584449906349185	0.01309558169512568	0.9965856777493606	0.5874279379157428
50	61.57980003076441	0.008831381269913764	0.9977109974424553	0.593170731707317
51	61.571467000704544	0.010569616099818832	0.9972250639386189	0.5892017738359202
52	61.56567815114867	0.005793164015830247	0.9985549872122762	0.59
53	61.563907393702756	0.012898652475208645	0.9976598465473145	0.5902660753880266
54	61.5622697873549	0.006475714659035958	0.9985677749360614	0.5922616407982262
55	61.560272527592524	0.003995692491620661	0.9989769820971867	0.5964966740576497
56	61.553783776467306	0.004606543001249814	0.9987979539641944	0.5952106430155211
57	61.55075869889095	0.006253554616455652	0.9984143222506394	0.5931929046563192
58	61.54958859540648	0.0018636843871185575	0.9994117647058823	0.593569844789357
59	61.54732742706935	0.005965411302325359	0.9981841432225064	0.5937694013303769
60	61.546321927524005	0.003664998557133274	0.9991432225063939	0.5992682926829268
61	61.5483903461887	0.0025290753757476574	0.9995268542199488	0.5984478935698447
62	61.54799096924918	0.004025802836976694	0.9989514066496163	0.5967627494456763
63	61.54623316973448	0.0014042133346978995	0.9997314578005115	0.5971175166297118
64	61.54363719500028	0.002140138228512231	0.9995140664961637	0.5957871396895787
65	61.542120066556066	0.0009214463359967276	0.9998337595907928	0.597450110864745
66	61.542305907206746	0.0026890000227415755	0.9995268542199488	0.5947006651884701
67	61.5416717914974	0.0009729292406915109	0.9997953964194374	0.5956319290465631
68	61.541528079820715	0.0021739729143990527	0.9996163682864451	0.5966518847006652
69	61.539320029531204	0.0006746564886602153	0.999846547314578	0.5934368070953436
70	61.53869937843	0.0008959039138106762	0.9998081841432225	0.591529933481153
71	61.53486991590924	0.0003837027812414213	0.9998976982097186	0.5915742793791574
72	61.53970685397109	0.0007395984547478868	0.9998081841432225	0.5919290465631929
73	61.538131961951386	0.00025056430667877677	0.9999744245524297	0.5947450110864745
74	61.53830867767334	0.0001994188559842507	0.9999744245524297	0.5906873614190687
75	61.53588511755592	0.00035704558743913554	0.9998976982097186	0.5934368070953436
-1	-1	-1	-1	-1
0	62.994258642196655	2.9319363844180066	0.1845012787723785	0.2165188470066519
1	62.30464518070221	2.1169738335422137	0.3682736572890026	0.38800443458980044
2	62.05953812599182	1.4555934912932094	0.5386189258312021	0.44645232815964525
3	61.93115532398224	1.1270868991625094	0.634386189258312	0.48097560975609754
4	61.807701873779294	0.9534401564985368	0.6880946291560103	0.5103325942350333
5	61.73016631603241	0.7955927803453954	0.7383248081841433	0.5376940133037694
6	61.68677282333374	0.6751404842163654	0.7748337595907928	0.552660753880266
7	61.67732256650925	0.5991961745371502	0.8015728900255754	0.5464079822616408
8	61.68425231509738	0.57472439173231	0.8131969309462915	0.5495565410199557
9	61.67219014167786	0.48011831825205814	0.8404347826086956	0.5740354767184035
10	61.636399334127255	0.4431154652866009	0.8540409207161125	0.5511308203991131
11	61.60708791017532	0.3929150363174305	0.8693094629156011	0.5679379157427938
12	61.58570073201106	0.39007638099126263	0.8724552429667519	0.569889135254989
13	61.59587708541325	0.3070076019190703	0.898081841432225	0.5897339246119734
14	61.603128385543826	0.28167564899214037	0.9071099744245524	0.5894678492239468
15	61.617014676332474	0.2575651663601316	0.9156649616368286	0.5965853658536585
16	61.61200176968294	0.22595419142808332	0.9236189258312021	0.6015742793791574
17	61.599161214298675	0.20343058847661438	0.9317391304347826	0.5937472283813747
18	61.58507071043316	0.18163107142234206	0.9400511508951407	0.6051219512195122
19	61.58188662528992	0.18001262431706297	0.9421355498721228	0.6114634146341463
20	61.580731528145925	0.14603951121690917	0.9506521739130435	0.5903547671840355
21	61.58106511289423	0.12941695736227107	0.9575575447570333	0.6139911308203991
22	61.579100432603255	0.12029539198599319	0.9608951406649616	0.6117294900221729
23	61.57793394724528	0.10587242960188652	0.9660613810741688	0.5923059866962306
24	61.578010902404785	0.09490285157914205	0.9689897698209718	0.6160088691796008
25	61.567825785050026	0.08434787242885163	0.9735166240409208	0.6131929046563193
26	61.577471503505	0.07564479240985339	0.9764322250639386	0.6062971175166297
27	61.57845747470856	0.06747183660258335	0.9783759590792839	0.5617960088691796
28	61.579473618803355	0.05953018411655306	0.9811764705882353	0.6205986696230599
29	61.57242206732432	0.052871010767078286	0.9828900255754476	0.6195343680709534
30	61.572154944942845	0.04910222255798727	0.9847570332480818	0.6172949002217295
31	61.564966440200806	0.04161195970462942	0.9868542199488491	0.6134368070953437
32	61.5691113616481	0.03891304887374641	0.9883375959079284	0.6179822616407983
33	61.572205003570105	0.0343383844378721	0.9897186700767263	0.6189135254988913
34	61.57628702436175	0.030855297660996175	0.9909846547314578	0.626430155210643
35	61.56833757956823	0.026881693258692534	0.9921483375959079	0.6217294900221729
36	61.56806406459293	0.02741678977922358	0.9920204603580562	0.6276053215077605
37	61.568573556448285	0.02306991338802513	0.9936061381074168	0.6173392461197339
38	61.56915407303052	0.01828863926548234	0.9944629156010231	0.6249889135254989
39	61.568841421604155	0.020795362385344688	0.9941560102301791	0.6279379157427938
40	61.570073435946206	0.016762587916917662	0.9953708439897698	0.6233924611973393
41	61.59709827672867	0.01363870959554394	0.996304347826087	0.6325055432372505
42	61.59258560801661	0.014347369703327647	0.9963682864450127	0.6266297117516629
43	61.586969977075405	0.0110246099319397	0.9970588235294118	0.621019955654102
44	61.58171105914646	0.011751918873832088	0.9969053708439898	0.626230598669623
45	61.57971643364948	0.009125328911721341	0.9974296675191816	0.6249889135254989
46	61.57740405772595	0.009051102340447847	0.9973529411764706	0.6230155210643016
47	61.57523074746132	0.008917465289504378	0.9978260869565218	0.6248780487804878
48	61.57076318409978	0.006830984683694085	0.9982736572890025	0.6199113082039911
49	61.56557696342468	0.004683690443064579	0.9987340153452685	0.6300221729490022
50	61.560802506465535	0.007002669549978598	0.9981457800511508	0.626940133037694
51	61.561094811329475	0.004142579185702454	0.9987595907928388	0.628669623059867
52	61.55965734877676	0.004583234087055483	0.9988363171355499	0.6266518847006652
53	61.55899361769358	0.003331185988617702	0.9988618925831202	0.6214855875831485
54	61.55355861403725	0.0022438385839667644	0.9996163682864451	0.6304434589800444
55	61.551654062100816	0.0054570704947934714	0.9987084398976982	0.6225055432372506
56	61.54649479765641	0.002698821363293788	0.9994373401534526	0.6256762749445677
-1	-1	-1	-1	-1
0	63.422385454177856	3.063929603064704	0.15520460358056265	0.17082039911308203
1	62.52455163002014	2.5008488261368	0.2818542199488491	0.3403991130820399
2	62.18735154469808	1.644831631997213	0.48732736572890023	0.4189578713968958
3	61.986616015434265	1.24681627601629	0.5988874680306905	0.46068736141906874
4	61.87567501068115	1.0152118306381417	0.6682608695652174	0.4811308203991131
5	61.83247184753418	0.8640007388864913	0.716304347826087	0.5134368070953437
6	61.80527353286743	0.7538948627325985	0.7501790281329923	0.5416186252771619
7	61.779473692178726	0.6660180047593414	0.7798081841432225	0.5241019955654102
8	61.73007000817193	0.6055125134178543	0.8000511508951407	0.5538580931263858
9	61.69247913360596	0.5343607232041669	0.8235677749360614	0.5514855875831486
10	61.66464907472784	0.4896924739944369	0.8363171355498721	0.570509977827051
11	61.64887744188309	0.43526062148786265	0.855	0.5431485587583148
12	61.65291377214285	0.39587091733800606	0.8685549872122762	0.5721507760532151
13	61.647338543619426	0.3482019882001373	0.8838874680306905	0.5786031042128603
14	61.64162934621175	0.3118437231753064	0.8962659846547315	0.5880044345898005
15	61.628716349601746	0.27878027716682047	0.9074040920716112	0.5994678492239468
16	61.61594636300031	0.2474525374079919	0.9168925831202046	0.59019955654102
17	61.61007432142893	0.2377491600239122	0.9217391304347826	0.595609756097561
18	61.60319456301237	0.2059449792617426	0.9321611253196931	0.6003991130820399
19	61.59672148227692	0.17643118037540412	0.9407672634271099	0.5918847006651885
20	61.58928931327093	0.1645365606672104	0.9453069053708439	0.5832150776053215
21	61.57774516669187	0.14671855336506723	0.9515984654731457	0.6056319290465632
22	61.56343496364096	0.12911774988500355	0.9568670076726342	0.5951662971175167
23	61.55517104268074	0.11889148222258902	0.9619820971867008	0.6077161862527716
24	61.56252489089966	0.10769804562344833	0.9665728900255754	0.5980487804878049
25	61.561919203171364	0.08636450807240723	0.9713171355498721	0.6121729490022173
26	61.56393269256309	0.07934307226915212	0.9742583120204603	0.606430155210643
27	61.56010115998132	0.07241493073950628	0.9770204603580562	0.6156541019955654
28	61.55943233391334	0.06686712171993457	0.9793989769820972	0.6139246119733924
29	61.55157871246338	0.060163150469922676	0.9809079283887469	0.6156541019955654
30	61.55296887120893	0.05276044950077048	0.9836828644501279	0.6048337028824834
31	61.55249175429344	0.04948157719404478	0.9853708439897698	0.6113968957871397
32	61.55178143761375	0.04387039094330562	0.9870588235294118	0.6163858093126385
33	61.5432429524029	0.03674949406810778	0.9887084398976982	0.6083370288248336
34	61.534577689852036	0.03517439974482315	0.989386189258312	0.6077827050997783
35	61.5270889600118	0.02982717387883909	0.9909590792838875	0.6061419068736142
36	61.52481651950527	0.03068448733284728	0.9917519181585678	0.6147671840354767
37	61.53162283646433	0.023658002453360333	0.9929156010230179	0.6168292682926829
38	61.532296828734566	0.023805410624658505	0.9934271099744245	0.6215077605321507
39	61.53019666671753	0.01918575974423725	0.9943606138107417	0.6160532150776054
40	61.527355217352145	0.018138590787680195	0.9950127877237852	0.6203325942350333
41	61.52693512893858	0.01769537876192644	0.995460358056266	0.6023946784922395
42	61.52403980632161	0.014349033429877225	0.9962531969309463	0.6255654101995566
43	61.52566872943532	0.014294925130437954	0.9962787723785166	0.6156319290465632
44	61.52829914622836	0.009778336166707483	0.9972634271099744	0.6179157427937916
45	61.53063512885052	0.01105886801199349	0.9969693094629156	0.6188691796008869
46	61.52699643500308	0.00976478070221685	0.9974296675191816	0.6184700665188471
47	61.52301341791948	0.007553975814567758	0.9979923273657288	0.6209534368070954
48	61.51983742811242	0.006446728901970381	0.9983503836317136	0.6029711751662972
49	61.520568108558656	0.007922877994184395	0.9979539641943734	0.6233702882483371
50	61.52548940976461	0.006478037373350617	0.9981329923273657	0.6233702882483371
51	61.5281215264247	0.005458470036845278	0.9985677749360614	0.6280044345898005
52	61.5261151655665	0.003944537217161323	0.9989002557544757	0.6194678492239468
53	61.52459929607533	0.005378465190076545	0.9986572890025576	0.6161640798226165
54	61.5240091193806	0.004534183671440532	0.9990664961636828	0.6219733924611973
55	61.52403873630932	0.00414391569299603	0.9989514066496163	0.6147006651884701
56	61.52586257666872	0.0024668107702945606	0.9994501278772379	0.6221064301552106
57	61.52707027566844	0.002997546835692255	0.9990920716112532	0.6203991130820399
58	61.52329377400673	0.0029275832945419703	0.9993734015345268	0.6236141906873615
59	61.51951367060344	0.0018986152717307136	0.9995780051150895	0.6174722838137472
60	61.51568419425214	0.002021653797273956	0.9994757033248082	0.6201552106430155
61	61.51455615028258	0.00021218522098885218	0.9999872122762148	0.6262971175166298
62	61.51434573673067	0.0024420739451049083	0.9993094629156011	0.6215077605321507
63	61.516563039273024	0.0007799616965413043	0.9998209718670077	0.6233259423503326
64	61.51463325573848	0.0018280681605816055	0.9995780051150895	0.6246563192904656
65	61.51468443148064	0.0007352421223474923	0.9998721227621483	0.625609756097561
66	61.51068542964423	0.000774798545642489	0.9998337595907928	0.6268957871396896
-1	-1	-1	-1	-1
0	63.14953851699829	3.054928715168552	0.15470588235294117	0.1699778270509978
1	62.46491193771362	2.5372080825842342	0.26975703324808187	0.3203547671840355
2	62.17948397000631	1.6504713841233822	0.48404092071611254	0.43248337028824835
3	61.96530878543854	1.2531742937192198	0.594386189258312	0.4622838137472284
4	61.877005386352536	1.037168608944857	0.6615728900255754	0.4825720620842572
5	61.82455058892568	0.8792488648146147	0.7101278772378516	0.5132150776053215
6	61.790207215717864	0.7679428021726846	0.7452173913043478	0.5266075388026608
7	61.763704776763916	0.676045182171703	0.7757544757033248	0.5347893569844789
8	61.74071388774448	0.6086844335509839	0.7980434782608695	0.5537694013303769
9	61.70403113365173	0.5499245683691554	0.816611253196931	0.5611308203991131
10	61.66361713409424	0.5008943363591273	0.8332608695652174	0.5614855875831486
11	61.6253080368042	0.4423012117292799	0.8525575447570333	0.5615742793791574
12	61.618502140045166	0.4091556096882384	0.8645907928388746	0.5770953436807096
13	61.60893281868526	0.36272504270829736	0.8796547314578005	0.5759866962305986
14	61.607066043217976	0.33198045572775087	0.8896291560102302	0.5884035476718403
15	61.60051029920578	0.2950772899805085	0.9013427109974425	0.5667627494456763
16	61.583020238315356	0.2673904459135464	0.9112148337595908	0.5880044345898005
17	61.584268199072945	0.24341589002222214	0.9192071611253196	0.5897560975609756
18	61.58566996925756	0.2185116193002721	0.9270332480818414	0.5854988913525498
19	61.587520730495456	0.19583641798345985	0.9339002557544757	0.5958980044345898
20	61.58726528712681	0.17662081302032362	0.9408184143222507	0.5954323725055433
21	61.57550575516441	0.16439949339504337	0.9457033248081842	0.5910421286031042
22	61.56355514733688	0.1448089972932163	0.9520332480818414	0.587450110864745
23	61.5542040069898	0.1278494109521367	0.9582736572890026	0.6082039911308204
24	61.55141680717468	0.11876083089454698	0.9609718670076727	0.6060975609756097
25	61.55143690109253	0.1040607096750772	0.965537084398977	0.5964523281596452
26	61.5561133314062	0.09594880647644924	0.9691943734015346	0.599689578713969
27	61.556013592651915	0.08785726203690868	0.9720843989769821	0.6053215077605322
28	61.55066441667491	0.07446283581411572	0.9764194373401535	0.613059866962306
29	61.538973267873125	0.06934243438353868	0.9770588235294118	0.6013082039911308
30	61.53383158868359	0.05833425137645021	0.9814322250639386	0.6064079822616408
31	61.5379818752408	0.05477659089855064	0.9828260869565217	0.5987361419068736
32	61.53675517891393	0.05697440499990287	0.9845780051150895	0.6105321507760532
33	61.537748000201056	0.0404019542127924	0.9878132992327365	0.6061640798226164
34	61.52977962493897	0.04223226937327264	0.9872762148337596	0.6072283813747228
35	61.523263500796425	0.03603844363951155	0.9892199488491049	0.6021951219512195
36	61.51752417796367	0.03341726422843052	0.990920716112532	0.6126829268292683
37	61.51687031043203	0.03184867700509436	0.9900895140664961	0.611840354767184
38	61.5162432316022	0.026643918388479286	0.9921994884910486	0.6070066518847007
39	61.51639040112495	0.02454151263461236	0.9929156010230179	0.6150554323725056
40	61.511067838203616	0.020517992905142526	0.9942838874680306	0.6133702882483371
41	61.51381839457012	0.017589779668839515	0.9944757033248082	0.6136141906873614
42	61.515578330949296	0.017952186652011343	0.994923273657289	0.6173170731707317
43	61.51824522560293	0.017278197958993026	0.9951023017902814	0.6072727272727273
44	61.519321627087066	0.011592850844629014	0.9967519181585678	0.6108425720620843
45	61.5200644887012	0.014840303802797168	0.9957161125319693	0.612549889135255
46	61.515427974944416	0.009684656182837047	0.9974424552429667	0.6075166297117517
47	61.513018906116486	0.011445109638576213	0.9967774936061381	0.6037472283813747
48	61.510216508592876	0.008219565778164621	0.9980051150895141	0.6133259423503326
49	61.508697519302366	0.009783552519060346	0.9974680306905371	0.6156984478935699
50	61.509177773606545	0.008606156257063268	0.9979283887468031	0.6093569844789357
51	61.510065482212944	0.005859567829626141	0.9984015345268542	0.6122172949002217
52	61.51179312310129	0.0057546912865813855	0.9984398976982097	0.6137028824833702
53	61.50935943921407	0.005472227839970138	0.9987340153452685	0.6118847006651885
54	61.50445563576438	0.005181719799146285	0.9986828644501279	0.6179822616407983
55	61.50563770958355	0.005743919596118044	0.9987468030690537	0.6104656319290466
56	61.508179781729716	0.004063181297552952	0.9991560102301791	0.6185365853658537
57	61.5070433164465	0.003742689888360583	0.9991304347826087	0.6056984478935699
58	61.5056784516674	0.003246486751158126	0.9993222506393862	0.6184257206208426
59	61.50928105115891	0.0020081706817064965	0.9995012787723785	0.6216629711751663
60	61.50679541025006	0.003422203799501497	0.9991943734015345	0.6097782705099778
61	61.50330093599135	0.0021633713027754717	0.9994373401534526	0.6190909090909091
62	61.502918705107675	0.0004384378223120807	0.9999744245524297	0.6214412416851441
63	61.502184975892305	0.0030594933626189084	0.9992455242966752	0.6186031042128604
64	61.50136558826153	0.0018518944315339667	0.9996419437340154	0.61529933481153
65	61.49844630559286	0.0015734215281309788	0.9996803069053708	0.6154767184035477
66	61.49494196407831	0.0004686638045326751	0.9998849104859335	0.6189135254988913
67	61.490860009894654	0.0017646167332348078	0.9996291560102302	0.6150554323725056
68	61.49079828331436	0.001188009930777116	0.9996419437340154	0.6153215077605322
69	61.49137514659336	0.0005502339099130838	0.9998849104859335	0.617450110864745
70	61.49422121719575	0.0005900836462426206	0.9998593350383632	0.6175609756097561
71	61.491821103625824	0.00013466726235104035	0.9999872122762148	0.6197117516629712
72	61.488315608403454	0.0006437891706057729	0.9998337595907928	0.6163414634146341
73	61.48671051940403	0.0006805513583432953	0.9997953964194374	0.6158758314855876
74	61.48530446688334	0.00019077618135305256	0.9999488491048594	0.616740576496674
-1	-1	-1	-1	-1
0	63.10137605667114	3.1387830047872765	0.13984654731457802	0.138980044345898
1	62.38148379325867	2.6634617050813967	0.24227621483375958	0.3029711751662971
2	62.04006028175354	1.8409454803761405	0.434616368286445	0.3951662971175166
3	61.89518803358078	1.430778835560218	0.5455626598465473	0.4289356984478936
4	61.817824840545654	1.1596921638702995	0.6242199488491048	0.4853215077605322
5	61.78038203716278	0.98908628368485	0.6762020460358056	0.4822838137472284
6	61.743493114198955	0.8630629294413201	0.7169053708439898	0.5213747228381375
7	61.70704162120819	0.7565142178996398	0.7491943734015345	0.5362305986696231
8	61.66423432032267	0.6684924747166872	0.7791815856777493	0.5444124168514413
9	61.6572478055954	0.6110452755907652	0.7983248081841432	0.5499334811529933
10	61.65747553651983	0.5507821632143713	0.8186828644501278	0.565210643015521
11	61.66419835885366	0.49168623095216707	0.8378772378516623	0.5798447893569845
12	61.65036346362187	0.4370349317685428	0.8558312020460358	0.5629268292682926
13	61.65211856365204	0.3975086465162422	0.8685677749360614	0.5887139689578714
14	61.62871748606364	0.3509984474473689	0.8828772378516624	0.5812416851441242
15	61.61306996643543	0.3171154957770716	0.8935805626598465	0.5812860310421286
16	61.60213302163517	0.2887321561496818	0.9035933503836318	0.5837694013303769
17	61.59801795747545	0.26058919860527174	0.9133759590792839	0.5920842572062084
18	61.59345532718458	0.22672839379818338	0.9241943734015345	0.5910421286031042
19	61.58940641880035	0.21146082497543295	0.9298593350383632	0.5985365853658536
20	61.57328948520479	0.19077518270251917	0.9374808184143223	0.5962749445676275
21	61.56897828795693	0.16927516099445464	0.9435294117647058	0.6070288248337029
22	61.56669351328974	0.1517258442417412	0.9491048593350384	0.60019955654102
23	61.569822669029236	0.13614273855496775	0.9539897698209718	0.59490022172949
24	61.567168645858764	0.11738092365333432	0.9609079283887468	0.5975388026607539
25	61.56424174858974	0.10694516680370379	0.9634910485933503	0.6009312638580931
26	61.558407889472115	0.09669332713406109	0.9681202046035806	0.6135033259423504
27	61.551543491227285	0.10324818419894134	0.9696291560102301	0.5911086474501108
28	61.542455196380615	0.06872859680286894	0.9787595907928389	0.6091574279379157
29	61.54101646741231	0.05495158417775114	0.9816879795396419	0.6141019955654102
30	61.54506745646077	0.060338827260661504	0.9803324808184143	0.6156762749445677
31	61.54508617520332	0.05474143913880889	0.9825831202046036	0.6154545454545455
32	61.54024991122159	0.05327187828955751	0.9832864450127877	0.6102439024390244
33	61.53309619426727	0.04576976898181757	0.9862787723785166	0.617139689578714
34	61.52783616610936	0.039173783145847574	0.9880946291560102	0.6165853658536585
35	61.531801952256096	0.0383061746921701	0.9882864450127877	0.6127716186252772
36	61.53814790699933	0.032061243288851494	0.9901278772378517	0.6069179600886918
37	61.53842719605095	0.03004958412847225	0.990997442455243	0.6119068736141907
38	61.54117225989317	0.02705562821772096	0.9921483375959079	0.6100886917960089
39	61.53905784487724	0.024051117833851297	0.9931713554987213	0.6156319290465632
40	61.537739084988104	0.025778057845799666	0.9926470588235294	0.603059866962306
41	61.53247595401037	0.015776362133194832	0.9952557544757034	0.6223725055432372
42	61.53258712901626	0.014577533214525856	0.9957416879795397	0.6188470066518847
43	61.53185180642388	0.015520288670083102	0.995690537084399	0.6151441241685144
44	61.53357793490092	0.01117725769879017	0.9965728900255755	0.6184035476718404
45	61.531692650007166	0.016510497519250225	0.9956649616368286	0.6182039911308204
46	61.52609266626074	0.00956498088673028	0.9973657289002558	0.6131263858093127
47	61.52668739358584	0.01017181041723541	0.9973401534526855	0.6169623059866962
48	61.52518578938076	0.008226453191754664	0.9978260869565218	0.6082483370288249
49	61.52387725830078	0.006946638115391355	0.9981969309462916	0.6221507760532151
50	61.52522567206738	0.009513362677768627	0.9978132992327365	0.6094456762749446
51	61.52013680109611	0.004910988339149351	0.9988874680306905	0.6147671840354767
52	61.518399598463525	0.006859419332373127	0.9982608695652174	0.6178713968957872
53	61.51514961984422	0.0049229315798821685	0.9987979539641944	0.614190687361419
54	61.513120313124226	0.003243340355054799	0.99923273657289	0.6042350332594235
55	61.5141927259309	0.0048883412245781365	0.998772378516624	0.6206430155210643
56	61.537552867019386	0.0030078588235975218	0.9993478260869565	0.6196674057649667
-1	-1	-1	-1	-1
0	62.82819652557373	3.0066181393965175	0.16682864450127877	0.22037694013303769
1	62.08809518814087	2.4246344157112016	0.29993606138107415	0.3439911308203991
2	61.84372075398763	1.6217347354721126	0.490537084398977	0.40407982261640796
3	61.759960293769836	1.2685313057977516	0.5901662404092072	0.4460310421286031
4	61.69673943519592	1.0597866390589412	0.654539641943734	0.4821507760532151
5	61.646274050076805	0.9063115302113581	0.701304347826087	0.4955210643015521
6	61.591430289404734	0.8025598566363369	0.7371099744245524	0.4894013303769401
7	61.540268689394	0.7105416375503505	0.7672250639386189	0.5177827050997783
8	61.50743418269687	0.6361584564984918	0.7908695652173913	0.5306208425720621
9	61.51982161998749	0.5610939192474376	0.8131074168797954	0.5529490022172949
10	61.51645523851568	0.5223202321696692	0.8261764705882353	0.5596674057649668
11	61.517783184846245	0.4589546352880969	0.8479667519181586	0.5530820399113082
12	61.507175537256096	0.41460463432549405	0.862378516624041	0.5757871396895787
13	61.49088656902313	0.37657151619999774	0.875306905370844	0.5660088691796009
14	61.48457487424215	0.3355519684273963	0.8877621483375959	0.5745232815964523
15	61.47185008227825	0.3002762657517046	0.9002046035805626	0.5780044345898004
16	61.48737747528974	0.2770314712885999	0.9083120204603581	0.5786474501108647
17	61.48686100376977	0.24271161895403073	0.9185549872122762	0.5618403547671841
18	61.488944354810215	0.21952604497676187	0.9270460358056266	0.5903547671840355
19	61.480269169807436	0.19523568384775378	0.9356393861892583	0.5786474501108647
20	61.47249771299816	0.1807725321572562	0.9393989769820972	0.5898669623059867
21	61.46368269486861	0.15945366272810846	0.9470204603580563	0.5949223946784923
22	61.46848117786905	0.16038355329371196	0.9493734015345269	0.5986696230598669
23	61.475834588209786	0.12196763371184195	0.9596035805626598	0.5961197339246119
24	61.4748371219635	0.13016990505787374	0.9592071611253197	0.6012416851441241
25	61.476452451485855	0.09991092130239283	0.9675703324808184	0.6000221729490022
26	61.46940046769601	0.09325014945116368	0.9695907928388747	0.5950332594235034
27	61.45946505240032	0.08522276633040193	0.9729667519181586	0.6075831485587583
28	61.45547907927941	0.07486614771021186	0.9754859335038363	0.5966962305986696
29	61.45979588826497	0.06658705529909353	0.9781074168797954	0.5997117516629712
30	61.45985121111716	0.05962890092608619	0.9808056265984655	0.6073614190687362
31	61.46083232015371	0.05392285004793427	0.9830690537084399	0.6053436807095344
32	61.459960063298546	0.07309908390918933	0.9827109974424553	0.6112416851441241
33	61.45320066984962	0.031318644724313276	0.9905242966751918	0.6029490022172949
34	61.44625425338745	0.03766985687152217	0.9884526854219949	0.6084257206208425
35	61.441572765509285	0.03255905047039278	0.9902046035805626	0.5892461197339246
36	61.44364537419499	0.03389278517652808	0.9898593350383632	0.6045676274944568
37	61.44498735352566	0.029290162266032132	0.9916368286445013	0.6087139689578714
38	61.445908289689285	0.024911949859135814	0.9926086956521739	0.6047006651884701
39	61.445732748508455	0.022501840212981124	0.9930306905370844	0.610909090909091
40	61.44093451848844	0.020044210227874736	0.9941943734015345	0.6099113082039911
41	61.44192138172331	0.019474850456763063	0.9944501278772379	0.6090022172949002
42	61.44047945044761	0.015182793426159498	0.9960358056265984	0.598359201773836
43	61.44198796965859	0.01714429033550589	0.995383631713555	0.6043680709534368
44	61.44285677274068	0.012928858668857577	0.996381074168798	0.6060310421286031
45	61.44452433482461	0.011688989946851207	0.9965728900255755	0.6132815964523282
46	61.4421971858816	0.01187179044355041	0.9969437340153453	0.6143680709534368
47	61.43917165199915	0.010097722166232566	0.9969948849104859	0.6174722838137472
48	61.43653814160094	0.009478651227073294	0.9974424552429667	0.6071840354767184
49	61.43769875526428	0.00714783942108891	0.9981457800511508	0.6127937915742794
50	61.43897963505165	0.0073437212596198734	0.9981202046035805	0.6093791574279379
51	61.4521440588511	0.006793945996125573	0.9981457800511508	0.6094013303769401
52	61.467448009634914	0.003955131693846499	0.9988874680306905	0.6072949002217295
53	61.46407785239043	0.005491532393645626	0.998618925831202	0.6117294900221729
54	61.464060592651364	0.0052819944610300405	0.9987212276214834	0.6089135254988913
55	61.46476991687502	0.00384521704530499	0.9990153452685422	0.6108869179600886
56	61.469317507325556	0.0029686225194180066	0.9991304347826087	0.611330376940133
57	61.4704697789817	0.004125296630799731	0.9992199488491048	0.6097339246119734
58	61.472361095881055	0.002128798508378944	0.9994373401534526	0.6112416851441241
59	61.47362953424454	0.00312168594414663	0.9991815856777494	0.6043680709534368
60	61.46977258510277	0.002308822987486236	0.9995140664961637	0.6106430155210643
61	61.46736055804837	0.0021309495289851283	0.9995652173913043	0.6128159645232816
62	61.466262870364716	0.0010303635942102592	0.9997953964194374	0.6167849223946785
63	61.46729254722595	0.0016021812937291671	0.9996803069053708	0.6175388026607539
64	61.47050030048077	0.001215323023050035	0.9997442455242966	0.6143015521064301
65	61.472903695973486	0.0016608089306555818	0.9996291560102302	0.6194013303769401
66	61.47216348149883	0.0013291214304824688	0.9997314578005115	0.6144789356984479
67	61.46950327999451	0.0008020847982493552	0.9998081841432225	0.6125277161862528
68	61.46750968090002	0.000657009589837609	0.9999104859335038	0.6159866962305987
69	61.467565880502974	0.0009444833967279455	0.9998337595907928	0.6175166297117517
70	61.46746082037267	5.722040490181842e-05	1.0	0.6179822616407983
71	61.468013962109886	0.001120893551003901	0.9997953964194374	0.6134368070953437
72	61.46617930882598	0.00014807681117006582	0.9999616368286445	0.6174279379157428
73	61.46361985399916	3.819553495462961e-05	1.0	0.6179379157427938
74	61.461313803990684	0.00048808517154757543	0.9998849104859335	0.6160532150776054
75	61.45820094096033	0.0006072331713975266	0.9998593350383632	0.6168070953436807
76	61.45816535763926	0.00033740030319876613	0.9998976982097186	0.6174944567627495
77	61.45816282736949	0.00023015300312648277	0.9999360613810742	0.6143680709534368
78	61.458393694479255	0.00011741209424820639	0.9999488491048594	0.6186252771618626
79	61.45789194703102	1.4428561023650294e-05	1.0	0.6185144124168515
80	61.45510311774266	7.611328672496405e-06	1.0	0.6180044345898005
-1	-1	-1	-1	-1
0	63.02736139297485	2.948361240266388	0.18253196930946292	0.25853658536585367
1	62.350189447402954	2.0532724882694002	0.3842966751918159	0.31831485587583147
2	62.08167537053426	1.3632429548693172	0.5618797953964194	0.4725942350332594
3	61.94979828596115	1.0447341375138288	0.6547826086956522	0.49831485587583146
4	61.84256525039673	0.8858931303060874	0.7075319693094629	0.5156541019955654
5	61.748682618141174	0.7523583451349977	0.75076726342711	0.5333924611973393
6	61.68966892787388	0.6553743841666149	0.7833631713554987	0.547139689578714
7	61.66970071196556	0.5655066625637333	0.8103708439897698	0.5612416851441242
8	61.6653282377455	0.5041381403492876	0.8320588235294117	0.5734146341463414
9	61.652293753623965	0.45555783240597103	0.847544757033248	0.572549889135255
10	61.62465995008295	0.42131276918596505	0.8591176470588235	0.5829046563192904
11	61.598615090052284	0.36061266677243764	0.8800895140664962	0.5916407982261641
12	61.579669567254875	0.3236875764876238	0.892148337595908	0.5637915742793792
13	61.5653681244169	0.29845061809062323	0.9010358056265985	0.5916407982261641
14	61.55973965326945	0.25133870983093903	0.9161125319693094	0.5953880266075388
15	61.552249521017075	0.23258551303259176	0.9227237851662404	0.5913525498891352
16	61.54516113505644	0.20243248604668637	0.9329156010230178	0.5912638580931264
17	61.5282431046168	0.1841609865034425	0.9397442455242967	0.5772505543237251
18	61.5185600581922	0.16263827191768276	0.947237851662404	0.5992239467849224
19	61.526057505607604	0.14499818245481044	0.9526214833759591	0.5924168514412417
20	61.526270650681994	0.12995857460055718	0.9569693094629156	0.5983370288248337
21	61.52599020437761	0.11321611633359274	0.9626086956521739	0.602350332594235
22	61.52582044186799	0.10231830107805509	0.9663682864450128	0.606430155210643
23	61.52592689792315	0.09162316109790461	0.970230179028133	0.6142572062084257
24	61.516339960098264	0.08001741444648765	0.9742455242966752	0.6079157427937916
25	61.50987877295567	0.07356554052307691	0.9767519181585678	0.6048780487804878
26	61.500992704320836	0.06104794087894113	0.9808951406649616	0.5962749445676275
27	61.50301948615483	0.05688787541969781	0.9818925831202046	0.6169844789356984
28	61.50529798145952	0.04808872012911054	0.9848209718670077	0.6107982261640799
29	61.51159365177155	0.04721035523382803	0.985537084398977	0.6086696230598669
30	61.5081788186104	0.04694653604438498	0.9871099744245524	0.6133037694013304
31	61.50192828476429	0.03558068413189853	0.9894757033248082	0.6144345898004434
32	61.49811193437287	0.03310404613520006	0.9900383631713555	0.6202217294900222
33	61.499135073493505	0.028239726120262286	0.9913171355498721	0.6159201773835921
34	61.50022654533386	0.02761409421727162	0.9914705882352941	0.6117294900221729
35	61.505854388078056	0.023341775114349577	0.9931969309462916	0.605720620842572
36	61.509469386693596	0.020041107454809477	0.9941048593350383	0.6145011086474501
37	61.50269238572372	0.021322861293425095	0.9938746803069054	0.6150554323725056
38	61.49702052581004	0.016068365275037768	0.9954475703324808	0.6142572062084257
39	61.49345867633819	0.016540251241724882	0.9956393861892583	0.6115964523281596
40	61.49948032890878	0.014619010634971494	0.996074168797954	0.6079822616407983
41	61.499085346857704	0.012774368068216746	0.9967519181585678	0.6162749445676275
42	61.4982769988304	0.013547794641242063	0.99653452685422	0.622749445676275
43	61.496525759046726	0.00853608645701204	0.9978516624040921	0.6176053215077605
44	61.49223602082994	0.00916240408656294	0.9974808184143222	0.6229933481152994
45	61.488074147182964	0.00821544087027578	0.9981202046035805	0.6084035476718404
46	61.48513643792335	0.008142558412686423	0.9976214833759591	0.6160975609756097
47	61.48445522785187	0.005591818865644797	0.9985933503836317	0.626230598669623
48	61.492807101230234	0.0062928976383418095	0.9984015345268542	0.6220620842572062
49	61.49367809772492	0.006894584844887678	0.9982736572890025	0.6141685144124168
50	61.49187736417733	0.003775779409248185	0.9990664961636828	0.6183813747228382
51	61.491974569284	0.004377540826675292	0.9990153452685422	0.614079822616408
52	61.489455501988246	0.004783144367424918	0.9987340153452685	0.6234368070953437
53	61.48929335011376	0.0021475919551536874	0.9994629156010231	0.619290465631929
54	61.49132014621388	0.0038448520487644805	0.9989130434782608	0.6197560975609756
55	61.492585867643356	0.002287404440301276	0.9993094629156011	0.620509977827051
56	61.49349116442497	0.0019930133997624333	0.9995140664961637	0.6213525498891352
57	61.493493922825515	0.002594740620940316	0.9995268542199488	0.6237028824833702
58	61.493649422112156	0.002169734369681798	0.9994373401534526	0.621840354767184
59	61.48969083627065	0.0017413558547172095	0.999539641943734	0.6249889135254989
60	61.49250294341416	0.0013286287171281348	0.9997058823529412	0.6265631929046563
61	61.49458422583918	0.0005144413152284393	0.9999232736572891	0.6253880266075388
62	61.496007366785925	0.001938653650833188	0.9995524296675192	0.6231929046563193
63	61.492808151990175	0.0006620413449360873	0.9997953964194374	0.6259201773835921
64	61.49075982754047	0.000853781996045474	0.9998209718670077	0.6273170731707317
65	61.4886746153687	0.0008593671971062738	0.9997698209718671	0.6149667405764967
66	61.49046821380729	0.00013653507440650507	0.9999872122762148	0.6226607538802661
67	61.49308257243212	5.328358795498592e-05	1.0	0.6209756097560976
68	61.494646075843036	0.001105482026958081	0.9997058823529412	0.6186252771618626
69	61.494175740650725	0.000830624468494621	0.9998209718670077	0.6222616407982262
70	61.49198547215529	9.129049665733638e-05	0.9999744245524297	0.6280044345898005
71	61.488970090945564	0.00012102203428473553	0.9999744245524297	0.6241685144124168
72	61.490421128599614	0.00022313752542787896	0.9999360613810742	0.6295565410199556
73	61.49408735777881	0.00011533505443403239	0.9999744245524297	0.6268736141906873
74	61.497349802653	1.024737825883529e-05	1.0	0.6293348115299335
75	61.49816422086013	0.000345660188755819	0.9998849104859335	0.6277383592017738
76	61.495810756435645	7.36138321022559e-05	0.9999744245524297	0.6287361419068737
77	61.49398627036657	1.5913456335307027e-05	1.0	0.6288026607538802
78	61.49132887924774	4.4975402096298175e-06	1.0	0.628359201773836
79	61.49116530120373	5.033327237979008e-05	0.9999872122762148	0.6272283813747228
80	61.491228698212424	9.048165813204818e-06	1.0	0.6276718403547672
81	61.49082331250354	1.986659390125437e-06	1.0	0.6282483370288249
82	61.488256549260704	1.3029872412832563e-06	1.0	0.6276940133037694
83	61.485720503897895	7.766716201774286e-05	0.9999872122762148	0.6261419068736142
84	61.482721735449395	4.0043005706012285e-05	0.9999872122762148	0.6272949002217295
85	61.48261279560799	1.3129675827914793e-06	1.0	0.6276274944567628
86	61.48193177409556	5.437454904606554e-07	1.0	0.627250554323725
87	61.481669490987606	4.31903786238475e-07	1.0	0.627250554323725
-1	-1	-1	-1	-1
0	62.93613910675049	2.925949133554574	0.1883759590792839	0.2101552106430155
1	62.35978305339813	2.2019871933760697	0.35254475703324806	0.3832815964523282
2	62.05877820650736	1.422226744836559	0.5467902813299232	0.46824833702882485
3	61.9472119808197	1.097383802680454	0.641074168797954	0.49239467849223945
4	61.86465382575989	0.8970258555782017	0.7056265984654732	0.5197117516629711
5	61.806666135787964	0.7640141686043548	0.7467263427109975	0.5386917960088692
6	61.74854063987732	0.6769804349031951	0.7755498721227622	0.5559423503325942
7	61.712788701057434	0.5892067998556234	0.8045140664961636	0.5487361419068736
8	61.68991449144151	0.5314538014500895	0.8233375959079284	0.5721951219512195
9	61.6790495634079	0.4803589966648095	0.8404219948849105	0.5818847006651885
10	61.67851974747398	0.4362686419045574	0.8552557544757033	0.5746341463414634
11	61.66956613461176	0.4003294126424823	0.8679795396419437	0.5504434589800443
12	61.65098188473628	0.3428131345302818	0.8861764705882353	0.5848115299334812
13	61.62396233422415	0.30826686290755817	0.897621483375959	0.5684035476718403
14	61.628365993499756	0.29168462556818847	0.9061381074168798	0.5963636363636363
15	61.63625967502594	0.2492284481105	0.9179795396419438	0.5924611973392461
16	61.634665587369135	0.22188695611084663	0.9260102301790282	0.6059866962305986
17	61.642868147956	0.20691577082236165	0.9318286445012788	0.6115742793791574
18	61.63707546183937	0.18216109157997373	0.9398337595907928	0.6129490022172949
19	61.622296929359436	0.15757243811278054	0.9487340153452686	0.6100221729490022
20	61.61435968535287	0.14904564475364765	0.9513810741687979	0.5927716186252772
21	61.60678148269653	0.1289665175362436	0.9571483375959079	0.6043237250554324
22	61.60781016557113	0.1235070149019601	0.9610230179028133	0.6074944567627495
23	61.608562688032784	0.09532217446348651	0.968925831202046	0.6166075388026607
24	61.607555809020994	0.09165041409172216	0.9703964194373401	0.6112638580931263
25	61.59449066565587	0.0821725233107248	0.9732864450127877	0.6192239467849224
26	61.5927427344852	0.07529633877771086	0.9750127877237852	0.5992017738359202
27	61.58453563281468	0.06830663298685147	0.9781457800511509	0.6095121951219512
28	61.589571739065235	0.056743288839058596	0.981611253196931	0.6229933481152994
29	61.59389244715373	0.051437380222113555	0.9841304347826086	0.6195343680709534
30	61.595453146965276	0.04872282737760993	0.9853452685421995	0.6210643015521065
31	61.589631624519825	0.04138276560495558	0.9874168797953964	0.6219512195121951
32	61.58121348872329	0.037652666767563764	0.9884398976982097	0.624589800443459
33	61.575833678245544	0.0315843126960831	0.9909846547314578	0.6219068736141907
34	61.570824418749126	0.03022644561118518	0.9903964194373401	0.6224611973392461
35	61.57037060128318	0.028694342703601973	0.9916368286445013	0.6213525498891352
36	61.56877520922068	0.02289542618288144	0.9929283887468031	0.6163192904656319
37	61.568531023828605	0.021388760089063676	0.993925831202046	0.623880266075388
38	61.56142389468658	0.01975945584532081	0.9941304347826087	0.6300221729490022
39	61.56496604084968	0.018681114077825273	0.9944245524296675	0.6231042128603104
40	61.55886401781222	0.017221644171473847	0.9956265984654732	0.621219512195122
41	61.55905814965566	0.015079045761365307	0.9959335038363172	0.6298669623059867
42	61.55859862371933	0.012204179473013941	0.9970204603580562	0.6030155210643016
43	61.563014518130906	0.011041868614225259	0.9970076726342711	0.618780487804878
44	61.5584038204617	0.00985802154909885	0.9974808184143222	0.6280931263858093
45	61.553641521412395	0.007091769722651677	0.9983631713554987	0.6178935698447894
46	61.55358718303924	0.010814335176066258	0.9974168797953964	0.6306651884700665
47	61.55402125914892	0.00773323737894818	0.9980946291560102	0.6218181818181818
48	61.555280563782674	0.006907646930360939	0.9982864450127877	0.6326829268292683
49	61.555660405158996	0.005681158478696617	0.9986700767263427	0.6219733924611973
50	61.552503366096346	0.005113340720518191	0.9987595907928388	0.621130820399113
51	61.54894732053463	0.004092260226397382	0.9988746803069054	0.6313968957871396
52	61.54520504429655	0.006055069491543748	0.9986061381074168	0.6282039911308204
53	61.546249491197095	0.0018267228155175446	0.9996291560102302	0.6332815964523282
54	61.54940669319846	0.0035533673268845377	0.9992071611253197	0.636119733924612
55	61.549696513584685	0.0038291951205123927	0.999079283887468	0.6298226164079823
56	61.55082885424296	0.0022634790840488027	0.9994501278772379	0.6223725055432372
57	61.548520174519766	0.0038742033782943265	0.9992966751918159	0.6227050997782705
58	61.545042834039464	0.002137870566495436	0.9993989769820972	0.6251441241685144
59	61.542820207277934	0.0024423682436253043	0.9993989769820972	0.6335254988913526
60	61.54406946213519	0.0005754267343537292	0.9998976982097186	0.6289578713968957
61	61.54519131106715	0.0031913565264679766	0.9995652173913043	0.6312860310421285
62	61.548585850094994	0.0001872697920678425	0.9999744245524297	0.632549889135255
63	61.54604621976614	0.001548063749251153	0.9995524296675192	0.6320620842572062
64	61.545455617171065	0.0005191958054044998	0.9998849104859335	0.6291574279379157
65	61.54157141844431	0.0010769656580764278	0.9997570332480819	0.6323281596452328
66	61.53989767672411	0.0006186460812953424	0.9998849104859335	0.6338359201773835
67	61.5413202047348	0.0003571397517954155	0.9999488491048594	0.6318625277161862
68	61.542657696682475	0.00028545951175514055	0.9999104859335038	0.6343458980044346
69	61.541151649611336	0.0008738717288287495	0.9997698209718671	0.6317960088691796
-1	-1	-1	-1	-1
0	62.85372471809387	3.0548348629728275	0.15872122762148339	0.1603547671840355
1	62.2351496219635	2.397699047910406	0.3049488491048593	0.36538802660753883
2	61.99993817011515	1.5729536278548295	0.5077877237851662	0.44800443458980044
3	61.92025297880173	1.1794754610855724	0.6184398976982097	0.4782039911308204
4	61.81403555870056	0.9539504163028175	0.6866624040920716	0.513259423503326
5	61.739965319633484	0.8021066850462834	0.7343094629156011	0.5181818181818182
6	61.6955030645643	0.7020650768131261	0.7695780051150896	0.542860310421286
7	61.668874859809875	0.6690465998599602	0.7823913043478261	0.5466518847006652
8	61.67072455088297	0.5562561264630475	0.8151790281329924	0.573170731707317
9	61.663416957855226	0.5025422054231654	0.8342199488491049	0.5580931263858093
10	61.656429745934226	0.7911138357426941	0.787762148337596	0.5529490022172949
11	61.63511083523432	0.5040678207239718	0.8332225063938619	0.5681596452328159
12	61.61221166757437	0.40544079261437155	0.8639769820971867	0.5858093126385809
13	61.604632650102886	0.3601454644633149	0.8806265984654732	0.5899556541019956
14	61.61797989209493	0.31597294256322805	0.8938363171355499	0.5800665188470067
15	61.616169795393944	0.2920005828357087	0.9041048593350384	0.5658093126385809
16	61.62154068666346	0.2618294833957731	0.9146035805626599	0.6069623059866962
17	61.6135288476944	0.2594694395043922	0.9171994884910486	0.5881152993348115
18	61.598585066042446	0.20234223324180553	0.9325447570332481	0.610509977827051
19	61.59285739660263	0.2301034165011902	0.9304219948849105	0.6063636363636363
20	61.59215981619699	0.15318466421390492	0.9490920716112532	0.6027937915742794
21	61.59022705121474	0.1499731003555165	0.9507161125319693	0.5946784922394679
22	61.591665993566096	0.137640321347772	0.9540920716112532	0.6107538802660754
23	61.59088118871053	0.127629444601121	0.9579028132992328	0.6148115299334812
24	61.58632697105408	0.11177497330745029	0.9632352941176471	0.6041685144124168
25	61.588968350337105	0.09750576932088263	0.9680562659846548	0.6185365853658537
26	61.58868676644784	0.090766412136877	0.9704092071611253	0.6093126385809312
27	61.58716832739966	0.08008335991206343	0.9743222506393862	0.6162527716186252
28	61.586894438184544	0.0688534438567466	0.978312020460358	0.6176718403547672
29	61.586780190467834	0.06281541211375756	0.9805498721227621	0.613680709534368
30	61.577701476312455	0.05469321329943637	0.9825831202046036	0.6217073170731707
31	61.57272779196501	0.050340138710002896	0.9841943734015345	0.615809312638581
32	61.56521578991052	0.04476751817210109	0.9869820971867007	0.6177383592017739
33	61.566671441583075	0.038703960378109206	0.9880562659846547	0.6194678492239468
34	61.56704331806728	0.03827150988611675	0.9885805626598465	0.6135476718403547
35	61.56701687309477	0.030812702985758427	0.9911636828644501	0.6148558758314856
36	61.56376598332379	0.029092794351591126	0.9923145780051151	0.622549889135255
37	61.56102915186631	0.024571864141851942	0.9930434782608696	0.6196452328159645
38	61.56090031526028	0.024291167317691084	0.9928772378516624	0.6176940133037694
39	61.55750702619552	0.021709746121025237	0.9938618925831202	0.616230598669623
40	61.557661277491874	0.019331800925984386	0.9952685421994885	0.6062749445676275
41	61.55844803651174	0.01697957717791311	0.9952685421994885	0.6269179600886918
42	61.55813446155814	0.014896182115301956	0.995613810741688	0.6252993348115299
43	61.554233610630035	0.011794878169106418	0.9968670076726343	0.6265410199556541
44	61.55005308257209	0.015940885802783737	0.9960869565217392	0.6239911308203991
45	61.54609018305074	0.010606468023743036	0.9970716112531969	0.6173614190687361
46	61.5509436739252	0.00933469436030918	0.9973785166240409	0.6282039911308204
47	61.55202210942904	0.010844139250315013	0.9974296675191816	0.6298226164079823
48	61.55190001701822	0.0064067444696878145	0.9986445012787724	0.6289578713968957
49	61.55367266654968	0.007761460941135487	0.9982225063938619	0.6292239467849224
50	61.554205291411456	0.006505255589312929	0.9982864450127877	0.6269623059866962
51	61.55781526748951	0.006037489348628757	0.9984015345268542	0.6223059866962306
52	61.557755753679096	0.005243053467425023	0.9986061381074168	0.626319290465632
53	61.55749945728867	0.0034512590719340875	0.9990920716112532	0.6279157427937916
54	61.55934356342662	0.00452104587909615	0.9989897698209719	0.6211751662971176
55	61.55765804648399	0.0031787692103573783	0.9991560102301791	0.6358314855875832
56	61.55496598126595	0.003744726916224945	0.9991943734015345	0.6315299334811529
57	61.55273217990481	0.0016750111072086438	0.9995780051150895	0.6311086474501109
58	61.55068338119378	0.0029260932290940843	0.9991687979539642	0.6282261640798226
59	61.55105294386546	0.0025131416911535797	0.9994757033248082	0.6252328159645233
60	61.54994087531919	0.0006002410474792873	0.9999104859335038	0.6293569844789357
61	61.54828504208596	0.0027468328926351414	0.9992583120204603	0.6324611973392461
62	61.543620609101794	0.0002891587958898477	0.9999488491048594	0.6341685144124168
63	61.54330926015973	0.002040254790237923	0.9994501278772379	0.6310421286031042
64	61.5465567111969	0.0007786715101557735	0.9998209718670077	0.6325277161862528
65	61.54767391537175	0.0008528806515119359	0.9998081841432225	0.6335920177383592
66	61.54673762463812	0.0007971148682345867	0.999846547314578	0.6347228381374723
67	61.54848518441705	5.39889698890644e-05	1.0	0.6364301552106431
68	61.547938229381174	0.0014539428124071903	0.9995524296675192	0.6282261640798226
69	61.545251737322126	0.0010486827338605492	0.9997826086956522	0.6324390243902439
70	61.54392222955193	0.00028515368144709733	0.9998849104859335	0.6335476718403548
71	61.545025530788635	0.00029054151076134685	0.9999360613810742	0.6331042128603104
72	61.54755446355637	2.6659413758733113e-05	1.0	0.6342128603104212
73	61.545424683673964	0.0008680706134857784	0.9999232736572891	0.6306651884700665
74	61.543960405985516	0.00014667475513639098	0.9999744245524297	0.6339911308203992
75	61.541927353331914	2.6560972531457787e-05	1.0	0.6362749445676275
76	61.53827513657607	1.4975158313052061e-05	1.0	0.6366962305986696
77	61.53667566103813	0.00031190315129950557	0.9998721227621483	0.6300443458980044
78	61.53667700139782	3.9144244217554033e-05	0.9999872122762148	0.6321286031042128
79	61.536592081189156	1.7446549131887147e-05	1.0	0.6341685144124168
80	61.537304171809446	4.842612236140755e-06	1.0	0.6342572062084257
81	61.53502270070518	3.03917809844371e-06	1.0	0.6347671840354767
82	61.53169554687408	0.00013076037122093632	0.9999616368286445	0.6330820399113082
83	61.53016126439685	5.571970471855446e-06	1.0	0.6325942350332594
84	61.52616098908817	2.1087713161126636e-06	1.0	0.6341019955654102
85	61.525263262349505	1.4460210141328425e-06	1.0	0.6343680709534368
86	61.524554206036974	1.2218245178079703e-06	1.0	0.6339467849223946
87	61.52398527752269	1.562296692423363e-05	1.0	0.6327272727272727
88	61.52208623457491	1.2126532587250908e-05	0.9999872122762148	0.6336807095343681
89	61.51940914789836	6.465397268926028e-07	1.0	0.633769401330377
90	61.51723603363875	4.5598525365357267e-07	1.0	0.6337028824833703
91	61.51482615781867	3.0504811236756193e-07	1.0	0.6346119733924612
-1	-1	-1	-1	-1
