Epoch	Training_Time	Train_Loss	Train_Score	Valid_Score
0	135.05712819099426	2.996250244425411	0	0.07281235902877661
1	120.27107548713684	2.669137292404845	0	0.10445063207915468
2	115.3056046962738	2.46025548189168	0	0.11928192575078668
3	113.03595370054245	2.288991401605355	0	0.128135049807487
4	111.64131088256836	2.1422033276656642	0	0.13782136695753736
5	110.53825048605601	2.013533099046166	0	0.14054730337326646
6	109.79236946787152	1.9021806548649873	0	0.14149455094145455
7	109.39194935560226	1.808410210097898	0	0.14231868772562117
8	109.27212127049764	1.726288859413439	0	0.14628596459906448
9	108.86107301712036	1.6550618854714756	0	0.14458684731726762
10	108.61330587213689	1.5923405455301516	0	0.14290868223681477
11	108.32876110076904	1.5289329463520194	0	0.13828364663925866
12	108.15235611108633	1.458592506880443	0	0.14174882958903645
13	108.09815880230495	1.400479137785312	0	0.1375919109451125
14	108.0405112584432	1.348699878101965	0	0.1368731865642064
15	107.8670764863491	1.2999362024376953	0	0.136443786597181
16	107.75450699469623	1.2497573231850543	0	0.13718910537291568
17	107.6138203938802	1.212691049541404	0	0.13465406389980172
18	107.49794727877567	1.167049249150373	0	0.1357700917656214
19	107.4146493434906	1.1274494498108083	0	0.13330826916092287
20	107.3065155801319	1.0928003426963742	0	0.1348844422780523
21	107.24011049487375	1.0576293430147385	0	0.1337813939382945
22	107.16181123774984	1.0250826348624236	0	0.13292799490371476
23	107.1281322936217	0.9979156851020631	0	0.1292568315139205
-1	-1	-1	-1	-1
0	118.8798315525055	2.896868858313471	0	0.09732927102213161
1	113.3449478149414	2.5204759068142066	0	0.12042072817152799
2	111.72114411989848	2.310999126326634	0	0.12786279135054168
3	110.93448483943939	2.1431925378674395	0	0.13064003631124638
4	110.20184035301209	2.0031549582068564	0	0.13861640275936635
5	109.81178840001424	1.8826302481041648	0	0.1463553952487642
6	109.64490495409284	1.7789300419904357	0	0.14576608691742143
7	109.43188387155533	1.6913319425271776	0	0.13951925733711246
8	109.31335796250238	1.6184023432480346	0	0.14224535818303624
9	109.14833853244781	1.5508638189981692	0	0.14316826059605567
10	109.07809528437528	1.4928893177317855	0	0.13855548453435992
11	108.99179184436798	1.4319636404813458	0	0.14312823449212983
12	108.96296602029066	1.3638993902143601	0	0.14108056727813925
13	108.87369053704398	1.3084130207710014	0	0.13994594104380667
14	108.84606289863586	1.256124356011375	0	0.13974527612604484
15	108.77760814130306	1.21059958221697	0	0.1376735347261709
16	108.71047024165883	1.1612277402445543	0	0.1381337653546971
17	108.68717711501651	1.157232401698566	0	0.13510107808657135
18	108.65466382628993	1.0752535476027947	0	0.13519015498241513
19	108.65674338340759	1.0407619192317559	0	0.1372696056287238
20	108.6128389381227	1.0082536235433002	0	0.13242999178924147
-1	-1	-1	-1	-1
0	118.32064723968506	2.86937896894242	0	0.10174755778472305
1	113.34310698509216	2.475843612492608	0	0.12547259293325821
2	111.49724610646565	2.2609206148267837	0	0.13449451090902642
3	110.69921672344208	2.1010072404796833	0	0.1429651197390164
4	110.14300556182862	1.9607541260485966	0	0.1401123981568387
5	109.90029156208038	1.8447727336264315	0	0.14161993942420817
6	109.5943477834974	1.7432614653891272	0	0.14668705192437498
7	109.39486610889435	1.659144225166912	0	0.14330015574701552
8	109.2846200466156	1.5906618385572207	0	0.14122745938716483
9	109.10274722576142	1.520511863334864	0	0.14218103751784777
10	109.06982001391324	1.466226223664571	0	0.14186732367913066
11	108.94452927509944	1.403657662225338	0	0.14169483737788072
12	108.90705680847168	1.3781123353516591	0	0.1420821179181174
13	108.84152320453099	1.2816766278918743	0	0.14022360040022308
14	108.75559220314025	1.2377815149172935	0	0.14226988455195494
15	108.74354173243046	1.1955866688205725	0	0.13834757301251582
16	108.67457135985879	1.1513573001027855	0	0.139605501947177
17	108.68108928203583	1.1052785872515651	0	0.1359790034900698
18	108.64105362641185	1.0668881402223591	0	0.13609104783010206
19	108.64562336206436	1.0292597096530227	0	0.13549946398918655
20	108.60679232506524	0.994415061405791	0	0.1309392243476479
21	108.59158341451125	0.9608899582097941	0	0.13473449142686988
-1	-1	-1	-1	-1
0	119.64468693733215	2.851729496733906	0	0.10091629990827958
1	113.77097713947296	2.4434851493635024	0	0.12215029666053025
2	112.14356263478597	2.2312525946417896	0	0.1302319932968134
3	111.04299449920654	2.071288943776821	0	0.14489477131586087
4	110.52508368492127	1.9373773154679925	0	0.14050434914702786
5	110.03909579912822	1.823005736435073	0	0.14470098400720305
6	109.8776033605848	1.7243036308058233	0	0.14196468532709056
7	109.63712579011917	1.6412480780515946	0	0.14195286216366987
8	109.53767930136786	1.5701755795679249	0	0.1454828906904114
9	109.39723601341248	1.5055596712168067	0	0.14620668492123987
10	109.32765707102689	1.450564801505997	0	0.14590784155582331
11	109.1741389433543	1.384731627991388	0	0.14418748431984174
12	109.05772310036879	1.3259956869419425	0	0.1425817855234518
13	108.97675311565399	1.2682298536843608	0	0.14255760577143758
14	108.88837145169576	1.21713838835657	0	0.14005530925809664
15	108.84985356032848	1.169135806813294	0	0.1385222316896069
16	108.7990295606501	1.1247658421807785	0	0.13897587246186974
17	108.78140895896487	1.0854223143388815	0	0.13903019766849367
18	108.7370165021796	1.0444066608453186	0	0.14148676896627985
19	108.72419432401657	1.0134864526343914	0	0.1353088650695698
20	108.69533981595721	0.9704062320768758	0	0.13650754440516458
21	108.69194316864014	0.938979269046257	0	0.13389179835469883
22	108.65807704303576	0.9078512917012164	0	0.13254324089666158
23	108.64263056715329	0.8814146691463524	0	0.13321359020618345
24	108.62077788352967	0.8509912217687933	0	0.13110381264827514
-1	-1	-1	-1	-1
0	119.84101939201355	2.8442751889396343	0	0.09920454047420782
1	113.97328436374664	2.4283575097769687	0	0.12734678094059257
2	111.88912169138591	2.2092611180195396	0	0.13731931097930133
3	110.91185283660889	2.0463746607378406	0	0.14118644037783276
4	110.47320613861083	1.9126277954470707	0	0.14871123091748062
5	110.05696221192677	1.7994103876305942	0	0.14264153376438074
6	109.71645763942173	1.7037188722991585	0	0.15125562058769754
7	109.58933019638062	1.6176095160292263	0	0.14309951296408763
8	109.38906666967604	1.548249994422142	0	0.14901248916895146
9	109.30916471481324	1.4854456482448124	0	0.14743990724619202
10	109.18745701963252	1.4305445845408302	0	0.14612772996872572
11	109.16026997566223	1.3701185021114768	0	0.14490458118235652
12	109.04927585675166	1.3246026726409212	0	0.14369693626607333
13	108.99892912592206	1.2513925693228074	0	0.14064004297602054
14	108.93249068260192	1.2051360873199317	0	0.14225425419710386
15	108.91422122716904	1.1593810668591424	0	0.141026167153616
16	108.85147312108208	1.11450346309687	0	0.139660469063984
17	108.83586517969768	1.073306461218908	0	0.1391246299779411
18	108.77917764061375	1.0346707435630944	0	0.13617388878378492
19	108.77653133869171	0.9984571261230945	0	0.13716038068275435
20	108.74574056125823	0.9631392130887643	0	0.13556920963459948
21	108.71492226557298	0.9299573446419487	0	0.1350466935294038
-1	-1	-1	-1	-1
0	119.20787405967712	2.832529950919684	0	0.10611286007920095
1	113.43504166603088	2.4108623479360918	0	0.13351003571234102
2	111.8166519800822	2.1912737069195756	0	0.13962624763781797
3	110.79289317131042	2.031344226829081	0	0.14153263550423562
4	110.21445693969727	1.8971216162594229	0	0.14759630882039612
5	109.86153244972229	1.7827479000971038	0	0.15050040851417018
6	109.68309072085789	1.6857189552921572	0	0.14634248747848258
7	109.48022910952568	1.6041808539681333	0	0.15084212291776827
8	109.39368075794644	1.5337647578423117	0	0.14325611375179678
9	109.21135914325714	1.4734501631526158	0	0.14478439754768807
10	109.16414059292187	1.4177382853503808	0	0.13945900631924213
11	109.05380272865295	1.3566203649474806	0	0.1431098214724458
12	109.02243914970985	1.2955248535165524	0	0.1425272041851785
13	108.93733472483498	1.241755721765749	0	0.1452012439017742
14	108.89112238883972	1.1940629102916012	0	0.14017020801874203
15	108.84057366847992	1.1440049089594198	0	0.14115671645802688
16	108.81164496085223	1.1007837890045555	0	0.13682016731278243
17	108.73818810780843	1.0603685364258035	0	0.13855721737564222
18	108.72167907263103	1.0253711796951115	0	0.13744702897089275
19	108.66925896406174	0.9842390848260602	0	0.13830135450637707
20	108.67388424419221	0.9511201777676567	0	0.13498076261585926
21	108.6351729739796	0.9195590168237686	0	0.1345021822100316
22	108.63647709722105	0.8903225799052599	0	0.13009642692554554
-1	-1	-1	-1	-1
0	118.74314212799072	2.82200341384713	0	0.1118256330356957
1	113.76779687404633	2.3934949076684235	0	0.12684739695301994
2	111.79368774096172	2.175098879797994	0	0.13224740154441691
3	110.73223942518234	2.012439682724485	0	0.1385479808256685
4	110.3159056186676	1.878858265381685	0	0.14679936309861366
5	110.04148896535237	1.7652143104611855	0	0.1482374664190854
6	109.73121540887016	1.669528204082994	0	0.14729338413214468
7	109.58587896823883	1.589483115499561	0	0.14411105371135174
8	109.35364233122931	1.5176079619858167	0	0.1401146337750624
9	109.26653709411622	1.4565125898629838	0	0.14388485784374816
10	109.12744142792441	1.4012967648552532	0	0.1435583437467997
11	109.05883558591206	1.3389028401267125	0	0.14404760895316185
12	108.95868033629198	1.2793963506836514	0	0.13971051811258672
13	108.92459736551557	1.230972030512063	0	0.14006342641789896
14	108.85152649879456	1.1741675625518992	0	0.13841320498418277
15	108.83307817578316	1.1356596014131717	0	0.1383510829647482
16	108.76554313827964	1.0973873104960885	0	0.1383871175013744
17	108.73633878760867	1.0492358691382737	0	0.1386176296615881
18	108.65366878007588	1.0091254662727023	0	0.13660402698400684
19	108.63972214460372	0.9721882861747945	0	0.13317703610906045
20	108.58136541502816	0.9404328423768394	0	0.13241537647463053
-1	-1	-1	-1	-1
0	118.28403496742249	2.813985247833367	0	0.10607348537181556
1	113.48048615455627	2.3779843812679857	0	0.1322934578095204
2	111.98627932866414	2.158729401107415	0	0.1337943323568077
3	110.96336448192596	1.995110312137879	0	0.1373747840351688
4	110.36192259788513	1.8602357019519566	0	0.13319452895207815
5	110.07085971037547	1.7469098114010082	0	0.14145347817609727
6	109.71701151984078	1.6524109925275465	0	0.1453144920362346
7	109.55738765001297	1.573533643144586	0	0.14216531862366108
8	109.36005987061395	1.502800291200803	0	0.1417206519454843
9	109.3279901266098	1.4432121843211774	0	0.14087617324896545
10	109.18055020679127	1.3875660960617449	0	0.14098564678614642
11	109.12849911053975	1.327830051257739	0	0.13800216428081616
12	109.03488131669852	1.268660810036372	0	0.13926964913948303
13	109.01207304000854	1.2150948805222697	0	0.1420322007055583
14	108.95959173838297	1.1647463599254975	0	0.13681345729599223
15	108.97667276859283	1.119092388464187	0	0.13712918321543469
16	108.92339768129237	1.076229442467205	0	0.13508299076515756
17	108.92871406343248	1.0381741608625075	0	0.1332388154034295
18	108.89581340237667	0.9992905732903307	0	0.13348954518038972
19	108.90495219230652	0.9627226455747109	0	0.13292159161247996
20	108.85967269397918	0.929377752366748	0	0.13000187007725247
21	108.86097957871176	0.8974789131241132	0	0.12887652344636172
-1	-1	-1	-1	-1
0	118.79560375213623	2.829200579949574	0	0.10432022944842333
1	113.91082000732422	2.389686703420194	0	0.12959381222518357
2	111.95466327667236	2.162725063160043	0	0.1291110283900747
3	111.1754258275032	1.993157162458415	0	0.14254808560370202
4	110.49564118385315	1.8563771636378361	0	0.1399905816525004
5	110.2625812292099	1.7452854462893426	0	0.14003449302787516
6	109.97702401024955	1.6496111093605477	0	0.1438765942535062
7	109.82331997156143	1.5656960484673417	0	0.1405509840799318
8	109.62350307570563	1.4977097133246988	0	0.14583085027928783
9	109.5120667219162	1.4376255516500365	0	0.14054315783508928
10	109.35359287261963	1.3834107687586972	0	0.14453965050011858
11	109.30142404635747	1.3203370858876589	0	0.14334499240709522
12	109.18937686773447	1.2627032913520015	0	0.13984722600885988
13	109.10452447618756	1.2095452471539248	0	0.14074724732786703
14	109.03044397036234	1.1594456558582027	0	0.14120700461148372
15	108.93620790541172	1.1153366591131673	0	0.13969810679500821
16	108.92287870014415	1.0695112042100996	0	0.1366878610863359
17	108.8420066303677	1.0302182798702715	0	0.13500922168801383
18	108.83169480373985	0.9924789815580232	0	0.13570490978783042
19	108.78272182941437	0.9567739579317112	0	0.132850594740852
20	108.76905186971028	0.9231104706431572	0	0.13136122082083426
21	108.73900490457362	0.8914947355332009	0	0.12945494995282433
22	108.7296260750812	0.8611003364269227	0	0.13321193009364107
23	108.69742793838184	0.832174649333565	0	0.12901936171866488
-1	-1	-1	-1	-1
0	119.02934145927429	2.824248665025273	0	0.1081760289741181
1	113.80656814575195	2.384167671128827	0	0.13260787363868398
2	111.74883564313252	2.155012787472798	0	0.13706489636059696
3	111.01037961244583	1.9903893313339094	0	0.14364349864196468
4	110.41967401504516	1.8550407083300755	0	0.1458158555103815
5	109.98725442091624	1.7415375948475775	0	0.14205707296166162
6	109.66396205765861	1.6452992630648045	0	0.14414730643419782
7	109.60553905367851	1.5680517584197644	0	0.13892741298622877
8	109.44549555248685	1.50110928596487	0	0.14274150416062148
9	109.43265993595124	1.4360586694971083	0	0.14142223741206958
10	109.2971621426669	1.3995566917034135	0	0.13875012561518238
11	109.29276408751805	1.3166324219934016	0	0.14127992210562226
12	109.19142136206993	1.2651579051162847	0	0.1415811424116635
13	109.15656156199319	1.2085068711036422	0	0.13585281280201733
14	109.10635034243266	1.1598212499279001	0	0.13589379289296016
15	109.07438826560974	1.114716869525359	0	0.13527658615750826
16	109.01790444991168	1.070975392477276	0	0.13697327395885486
17	109.03246974945068	1.0303477159744523	0	0.13335690060719643
18	109.01438283920288	0.9951772138083744	0	0.13322461335346464
19	109.01435052156448	0.956036793916408	0	0.13174911894726068
-1	-1	-1	-1	-1
