Epoch	Training_Time	Train_Loss	Train_Score	Valid_Score
0	0.2783839702606201	4.69841900238624	0.7267967369060828	0.8972418600019915
1	0.1864471435546875	11.24728351372939	0.5169818054076357	0.8819077964751568
2	0.1529383659362793	4.75448753283574	0.6336393645553952	0.875535198645823
3	0.1361134648323059	4.320039785825289	0.6886399500387534	0.8970427163198247
4	0.12725915908813476	4.018372682424692	0.7344832969961915	0.8935577018819079
5	0.12034161885579427	3.6236993349515476	0.7949804560078957	0.8973414318430747
6	0.11667101723807198	3.513942865224985	0.817210701520584	0.8932589863586579
7	0.11289238929748535	3.566503561460055	0.8076213205158945	0.8933585581997411
8	0.11086111598544651	3.6532930594224196	0.7989450147486046	0.8941551329284079
9	0.10835330486297608	3.439934180333064	0.8252304295217437	0.8919645524245744
10	0.10635566711425781	3.2977608350607066	0.8479987621208995	0.8914666932191576
11	0.10532102982203166	3.340510239967933	0.840882351301167	0.895349995021408
12	0.10380842135502742	3.3316210966843824	0.8407122823256513	0.8996315841879917
13	0.10744966779436384	3.2847387240483212	0.8490930583977829	0.9009260181220751
14	0.10629576047261556	3.143175198481633	0.8668792064191281	0.9024195957383252
15	0.10516460239887238	3.071187973022461	0.8764267671839365	0.9066016130638256
16	0.10405327292049632	3.156786955319918	0.8646013973536153	0.9105844867071592
17	0.10355296399858263	3.027816735781156	0.88181879011258	0.9153639350791597
18	0.10262540767067357	3.210885029572707	0.8613770568587982	0.9203425271333268
19	0.10212640762329102	2.904051047105056	0.897306218948472	0.9103853430249926
20	0.10132006236485072	2.8435195225935717	0.8989399963198188	0.910484914866076
21	0.10077153552662242	2.8804002633461585	0.8914012010772893	0.939062033256995
22	0.10008862744206967	2.91563841012808	0.8907501993431435	0.9265159812804938
23	0.09990287820498149	2.806523689856896	0.9034914324268564	0.9291048491486608
24	0.0993125343322754	2.7628986101884108	0.9013349020569982	0.9336851538384945
25	0.09875625830430251	2.5504542772586527	0.9172656254356274	0.9365727372299114
26	0.09863713052537706	2.80258126442249	0.9083565203330006	0.9424474758538285
27	0.09820572819028582	2.547573841535128	0.9237979469050234	0.9054067509708253
28	0.09797688188224003	2.5754808462583103	0.9201637680593737	0.9325898635865777
29	0.09761964480082194	2.324066079579867	0.9307735629171568	0.9239271134123269
30	0.09762853960837087	2.783896647966825	0.9263852257456549	0.9391616050980782
31	0.09730665385723114	3.681703989322369	0.8029444236892143	0.9261176939161605
32	0.09697939410354152	3.2534692195745616	0.8562303793374558	0.9253211191874938
33	0.09689229376175824	3.052265607393705	0.8805502428361929	0.9315941451757442
34	0.09653611864362444	2.960404707835271	0.8920438387634592	0.9331872946330778
35	0.09639970461527507	2.86850459759052	0.9019343254952911	0.9315941451757442
36	0.09610815305967589	2.7287902190135074	0.919165658334216	0.9397590361445783
37	0.0960265084316856	2.695825246664194	0.9217947574147286	0.9401573235089117
38	0.09575849313002366	2.635272741317749	0.9261956406581947	0.943443194264662
39	0.09569835066795349	2.61733183493981	0.92653438460123	0.9420491884894951
40	0.09561865504195051	2.5987304907578688	0.9264688662254166	0.9422483321716619
41	0.09536899271465483	2.50100091787485	0.9360289730621896	0.9435427661057453
42	0.09542345446209576	2.475068394954388	0.9362743184694908	0.9377675993229115
43	0.09519984505393288	2.4539313041246853	0.9362436502935779	0.939958179826745
44	0.0951482031080458	2.395425768998953	0.9412676551112695	0.938464602210495
45	0.0949370239091956	2.355186755840595	0.9423271011882524	0.9417504729662451
46	0.09499328187171449	2.3210182740138126	0.944691338749519	0.9409538982375785
47	0.09482394655545552	2.2993893990149865	0.9450356587245385	0.9422483321716619
48	0.09487608987457898	2.2241743894723744	0.9494030857761	0.9362740217066614
49	0.09478004932403565	2.2261611956816454	0.9464700929524532	0.9358757343423281
50	0.09475807115143421	2.1661707437955418	0.9495606086796513	0.9363735935477446
51	0.09467545380959144	2.121563113652743	0.9508291559560386	0.9314945733346609
52	0.09487339235701651	2.078611364731422	0.9519457563608584	0.9325898635865777
53	0.09473106154689083	2.0983170729417067	0.9521130373203819	0.9342825848849945
54	0.094562781940807	2.0502381049669705	0.9523305025677626	0.9379667430050782
55	0.09465621198926653	1.9813473041240985	0.9555966633024606	0.9316937170168277
56	0.09448751232080292	1.9479075211745043	0.9568108442670028	0.9246241162999105
-1	-1	-1	-1	-1
0	0.10967421531677246	4.957119373174814	0.7244338933528122	0.902618739420492
1	0.10729944705963135	11.295023477994478	0.5343093247982871	0.8886786816688241
2	0.10190995534261067	4.566178798675537	0.6380290957348931	0.8869859603704072
3	0.09867900609970093	3.8812990371997538	0.7331380792800228	0.8973414318430748
4	0.10879426002502442	3.6950954290536733	0.7779010700405378	0.8956487105446579
5	0.11296212673187256	3.6429635928227353	0.7902464048533782	0.8954495668624913
6	0.10909114565168108	3.564731157743014	0.8087225868327581	0.8987354376182416
7	0.10656282305717468	3.5835630343510556	0.8060906997362537	0.8926615553121576
8	0.10449396239386664	3.6391866390521708	0.7995555902508656	0.8984367220949915
9	0.10273692607879639	3.5187355188223033	0.8140003011057272	0.8972418600019915
10	0.1023033315485174	3.371626688883855	0.8386491504915273	0.8897739719207409
11	0.10085195302963257	3.35490188231835	0.8384818695320037	0.8954495668624912
12	0.10067407901470478	3.2829220478351298	0.8494610765087348	0.8947525639749078
13	0.09958912645067487	3.2872481712928185	0.8472906060589164	0.896843572637658
14	0.0995146115620931	3.248032331466675	0.8541421553594031	0.9027183112615752
15	0.09876540303230286	3.1448614597320557	0.8671928582182347	0.9016230210096584
16	0.09800229353063247	3.118345517378587	0.8718906651648554	0.9068007567459923
17	0.09807217121124268	2.9776161083808312	0.8858976575089634	0.9096883401374091
18	0.09749098827964381	3.1481652443225565	0.8653499796474833	0.9182515184705765
19	0.09713071584701538	3.0890287986168494	0.873740513775587	0.9167579408543264
20	0.09658286685035342	2.9575796127319336	0.8910276069343535	0.9196455242457433
21	0.09670678052035245	2.8905272483825684	0.8974233156201383	0.9220352484317434
22	0.09630543252696162	2.898619083257822	0.8957811742008153	0.9319924325400777
23	0.0960595707098643	2.781217483373789	0.9046749452154857	0.9341830130439112
24	0.0987984561920166	2.944270757528452	0.8868232788183272	0.9416509011251618
25	0.09831172686356765	3.2063573140364428	0.8627348206469314	0.9253211191874938
26	0.09828438582243743	2.79912545130803	0.9041981944808435	0.9240266852534104
27	0.09785865885870797	2.699806598516611	0.9098327748007962	0.9344817285671612
28	0.09745345444514833	2.850009478055514	0.9003047301479322	0.9374688837996614
29	0.09747123718261719	3.4398221786205587	0.8381933098768255	0.9296027083540774
30	0.0970793693296371	3.115206104058486	0.873372495664635	0.9295031365129941
31	0.09719043225049973	2.7146230110755334	0.9105451128867674	0.938464602210495
32	0.0968241041356867	2.516329343502338	0.9255070007081561	0.9258189783929105
33	0.09648251533508301	2.3605234622955322	0.928718795131009	0.9346808722493279
34	0.09649581227983747	2.263373017311096	0.9378509415130004	0.9373693119585781
35	0.09617671701643202	2.420452906535222	0.927369395390852	0.9273125560091605
36	0.09627945358688766	2.4438064831953783	0.921444861407725	0.9341830130439112
37	0.0959917055933099	2.471837575619037	0.9194040337015372	0.9260181220750772
38	0.09572109197958922	2.219372575099652	0.9397983706834544	0.9285074181021608
39	0.09575585722923279	2.162069219809312	0.9414586342067258	0.9457333466095788
40	0.09550087044878704	2.3078773205096903	0.9336284912930259	0.9296027083540774
41	0.09553889433542888	2.0359799220011783	0.9447526751013444	0.9193468087224933
42	0.09532528699830521	1.9197436754520123	0.952019638784648	0.9088917654087424
43	0.09512842785228383	1.9875439955638006	0.9452823981398358	0.9092900527730757
44	0.0951680236392551	2.0166251934491672	0.9513686370505022	0.9558896744000795
45	0.09494465330372685	2.5669846809827366	0.910472624470974	0.9503136512994125
46	0.09500720653128117	2.2834393061124363	0.9334486642615383	0.9346808722493277
47	0.09479705492655437	1.9648610720267663	0.9517589592893905	0.916957084536493
48	0.09460155817927146	1.829534228031452	0.9560106836772817	0.8967440007965748
49	0.09465419292449952	1.8095073424852812	0.9550125739521242	0.9167579408543264
50	0.09446373640322218	1.7095648050308228	0.9572541388097402	0.9011251618042417
51	0.09459773852274968	1.6806535170628474	0.9589157963410078	0.9030170267848252
52	0.09444184123345141	1.6935463685255785	0.9582815227028142	0.9148660758737429
53	0.09425850267763491	1.6478324761757484	0.9600881570656689	0.9221348202728268
54	0.09433294209566984	1.75669041963724	0.9581309698392431	0.9154635069202429
55	0.09415757656097412	1.7399132710236769	0.9572917770256331	0.9357761625012446
56	0.09421579879626893	1.7682768106460571	0.9559688634374006	0.931494573334661
57	0.09409466283074741	1.6471771735411425	0.9601132492095975	0.9145673603504929
58	0.09394936642404329	1.5714178727223322	0.9631828548168551	0.9147665040326595
59	0.09398806889851888	1.584990693972661	0.960645760264081	0.9285074181021606
-1	-1	-1	-1	-1
0	0.1172029972076416	5.2626300408289985	0.6826512916878091	0.8260479936274021
1	0.1010138988494873	14.86942929487962	0.5107631357373466	0.8306282983172358
2	0.09757836659749348	14.787411322960487	0.5551985346187946	0.8296325799064025
3	0.09443503618240356	14.701523267305815	0.5189139004901333	0.8234591257592353
4	0.09449911117553711	14.595837886516865	0.5805067497867167	0.8154933784725679
5	0.09293870131174724	14.476549588716948	0.5531061286167537	0.8099173553719008
6	0.09326427323477608	14.309670154864971	0.5458963192612873	0.8030468983371503
7	0.09236809611320496	13.841868547292856	0.5865734725854388	0.8001593149457333
8	0.09350477324591742	8.45792297216562	0.5416892031292693	0.8092203524843175
9	0.09271924495697022	5.024306462361262	0.5842705713759975	0.8166882405655681
10	0.09202068502252753	4.277427930098313	0.6321533520316273	0.8296325799064025
11	0.09258782863616943	4.207752044384296	0.648194202041943	0.8401871950612367
12	0.0920266188108004	4.106775980729323	0.6757621041714296	0.8530319625609878
13	0.09235996859414237	4.046075930962195	0.6841289401636007	0.8623917156228218
14	0.10325438181559245	4.000485218488253	0.6962777198490011	0.8721497560489894
15	0.10251414775848389	3.945450342618502	0.7133849859762796	0.8794185004480733
16	0.10162171195535098	3.916821754895724	0.7209823295546424	0.8866872448471573
17	0.10079358683692084	3.8527624240288367	0.7371597923485689	0.8914666932191576
18	0.10069858400445235	3.816451366131122	0.746827237801036	0.8931594145175744
19	0.10828622579574584	3.7844476516430197	0.7544315514193789	0.8944538484516579
20	0.10753996031624931	3.718889988385714	0.7685695805151137	0.8957482823857413
21	0.10654783248901367	3.684928325506357	0.777353224898098	0.8963457134322413
22	0.112161283907683	3.6635907796713023	0.7799544438186897	0.8976401473663248
23	0.11116180817286174	3.6412803576542783	0.7852154299957065	0.8971422881609081
24	0.11011341094970703	3.6013978077815127	0.793359224708513	0.8989345813004082
25	0.10917433408590463	3.6153094951923075	0.7894964285515143	0.9008264462809918
26	0.11408422611377857	3.6024304169874926	0.7930776350933149	0.9001294433934084
27	0.11796186651502337	3.5142374405494103	0.8094307428947412	0.9004281589166584
28	0.11687928232653387	3.503146630067092	0.8112108911056715	0.9003285870755751
29	0.1158579428990682	3.4879754139826846	0.8115245429047782	0.9002290152344917
30	0.11506233676787346	3.4550678730010986	0.8188653890118713	0.9007268744399084
31	0.11856766790151596	3.4681333945347714	0.8158529377324509	0.900029871552325
32	0.11779052560979669	3.436835600779607	0.8217760777075817	0.8994324405058249
33	0.11886101610520307	3.411095307423518	0.8258005787921199	0.8988350094593248
34	0.11813475745064872	3.427347329946665	0.8227532773127988	0.8981380065717416
35	0.11722523636288112	3.385516258386465	0.8290304953189211	0.8980384347306581
36	0.11635656614561339	3.3966917258042555	0.8268530548291225	0.8984367220949915
37	0.11585198578081633	3.397964807657095	0.8266718337896386	0.8973414318430748
38	0.11507064256912623	3.3604755585010233	0.8323677504614166	0.8971422881609081
39	0.1146113097667694	3.353082693540133	0.8347501101266316	0.8976401473663248
40	0.11388056452681379	3.3531140364133396	0.8335861134499468	0.8972418600019916
-1	-1	-1	-1	-1
0	0.1012721061706543	5.802287927040687	0.6433514182637351	0.8122075077168177
1	0.09610283374786377	14.222065118642954	0.5263411750929803	0.822762122871652
2	0.09405914942423503	14.147982817429762	0.530668175912657	0.8233595539181521
3	0.09189414978027344	14.071195382338304	0.5791475919905877	0.8220651199840685
4	0.0921098232269287	13.99309781881479	0.5530838244888173	0.8172856716120681
5	0.09146320819854736	13.90335149031419	0.5603772743240456	0.814597231902818
6	0.09201080458504814	13.801010058476376	0.5665276376025292	0.8103156427362342
7	0.09130308032035828	13.673064085153433	0.5677599406710196	0.8049387633177338
8	0.09176264868842231	13.45383225954496	0.5678073369428847	0.7988648810116499
9	0.09133541584014893	12.03866357069749	0.5406130289563341	0.8014537488798168
10	0.09197750958529385	5.191515317329993	0.5946698710263802	0.8148959474260679
11	0.09144993623097737	4.383777159910935	0.6422278478189352	0.8275415712436524
12	0.09101919027475211	4.244764878199651	0.644279827589091	0.8416807726774869
13	0.0914689302444458	4.115328513658964	0.664625374291147	0.8549238275415713
14	0.09110345840454101	4.052639007568359	0.6847980640016952	0.8642835806034054
15	0.09145328402519226	4.022031178841224	0.6960114643217593	0.8751369112814895
16	0.09122702654670267	3.9454413927518406	0.7115184092695956	0.8819077964751567
17	0.0915011035071479	3.897736586057223	0.7234204495396985	0.8878821069401573
18	0.09116709859747636	3.864529096163236	0.7350074440026988	0.8922632679478243
19	0.09136826992034912	3.8175927125490627	0.7453704994451849	0.8951508513392413
20	0.09108650116693406	3.775233800594623	0.757096894707788	0.8964452852733247
21	0.09128285538066518	3.7504327847407413	0.7636961285609934	0.8982375784128248
22	0.09103021414383598	3.7045456812931943	0.7734151523093136	0.8979388628895748
23	0.09114815791447957	3.6853426603170543	0.7767328913398648	0.9010255899631585
24	0.09097559928894043	3.645732329441951	0.7863320304005262	0.9012247336453251
25	0.09103171642010029	3.628073270504291	0.7899034788863549	0.9024195957383252
26	0.09082969912776241	3.6121772619394155	0.7925381539988513	0.9039131733545752
27	0.09092708144869123	3.5703261081988993	0.8017804270125293	0.9042118888778254
28	0.09073547659249141	3.568003012583806	0.802516463234433	0.9057054664940755
29	0.09090579350789388	3.540056668795072	0.8056487992015122	0.9060041820173255
30	0.09072869823824975	3.5380973999316874	0.8049462191715131	0.9045106044010754
31	0.0908491313457489	3.5462376337784987	0.8071626918852007	0.9042118888778253
32	0.09068418994094386	3.532669030703031	0.8084242691216077	0.903216170466992
33	0.09079878470476936	3.468524089226356	0.8185531312207607	0.9030170267848253
34	0.09068348748343331	3.444388517966637	0.820857426438198	0.903216170466992
35	0.0908621350924174	3.4449678384340725	0.8216227368280185	0.9033157423080752
36	0.09071565963126518	3.4332436414865346	0.8267540802614044	0.9033157423080753
37	0.09056962791242097	3.429380636948806	0.8269868795967414	0.901722592850742
38	0.0907145585769262	3.445024325297429	0.8228745560084533	0.902917454943742
39	0.0906241476535797	3.389906956599309	0.8299296304763605	0.9006273025988252
40	0.09074576308087605	3.3790250558119554	0.8320945248941948	0.9020213083739919
41	0.09061559041341145	3.374770769706139	0.8322088335498693	0.8990341531414916
42	0.0905008925948032	3.366031261590811	0.8346497415509176	0.9006273025988251
43	0.09063636714761908	3.362645516028771	0.8331372428752251	0.8992332968236583
44	0.09052362442016601	3.360091502849872	0.8351167342295875	0.8994324405058249
-1	-1	-1	-1	-1
