0	5.812907695770264	269.2543272953625	0.735821712863536	0.7254739858906525
1	5.173523664474487	269.5683673001075	0.734765562045394	0.7809070644718793
2	4.914923508961995	257.94422632409623	0.7632240555002168	0.7800068587105624
3	4.7476425766944885	251.72072722560677	0.7802456737979252	0.7626916764648246
4	4.688754081726074	250.9096095543499	0.7863967841262277	0.8040827699392513
5	4.616591294606526	246.56784983013952	0.7924585213406694	0.8041623799725651
6	4.596943003790719	238.9860282313916	0.8094008777070288	0.8125183715461494
7	4.564265429973602	235.15245040997056	0.8179668049749991	0.8119396678424455
8	4.554045995076497	230.4358687179033	0.8283651117504808	0.820035395845581
9	4.52920401096344	224.14648025719694	0.8417749618312471	0.8251794287673917
10	4.50133390860124	224.1085700249487	0.8421353889645042	0.8210764501273761
11	4.478745261828105	217.3413815165675	0.855300776538817	0.8007605820105821
12	4.460040110808152	209.28703276963196	0.8690659533084302	0.8204610033313736
13	4.457939386367798	203.37139503345932	0.8785108101740691	0.8460341955712327
14	4.448314984639485	196.68517167069191	0.8856847262040433	0.8160824514991182
15	4.451197266578674	187.28896917853245	0.8985807129180775	0.7764795218498923
16	4.443667762419757	178.15952807803487	0.9095302905910283	0.7968566284538506
17	4.444030112690395	179.91811476751815	0.9061234115832066	0.7600063688026651
18	4.435382328535381	170.13401877325634	0.9182699789789924	0.7942203115814227
19	4.436677813529968	154.41402072315068	0.9318912155686684	0.8203232167352539
20	4.430914935611543	149.63877196274987	0.9349559034542773	0.7361172349598276
21	4.434271389787847	135.72444955323093	0.9457981154908749	0.8135563639035862
22	4.430020342702451	122.03609640699949	0.9543783445074929	0.8034550754458161
23	4.422657658656438	120.46864120997199	0.9549317299108102	0.807031403096218
24	4.421842861175537	120.41957386288531	0.9542944050329032	0.7686379335684892
25	4.414842394682077	107.27966873405515	0.962792155506245	0.8131338183421517
26	4.415194149370547	90.3466573778049	0.9711346115440025	0.8205314275916127
27	4.4090379902294705	83.29841439437496	0.9737570601428002	0.8223287771898882
28	4.4055296305952405	75.86781206380489	0.9764601931586995	0.7628172153635118
-1	-1	-1	-1	-1
0	5.211301803588867	269.14807076417196	0.7376880013557443	0.7879188712522046
1	4.759752511978149	268.63767867125284	0.7308299284235926	0.769287061532432
2	4.644280831019084	254.6439058096834	0.7702809176124958	0.7987550215559475
3	4.583389759063721	246.82130438043166	0.792258489087407	0.8014219576719576
4	4.5154626846313475	241.96533895093341	0.8030210419218597	0.8190892612188907
5	4.489661653836568	239.46683720655219	0.8067438281034385	0.8111037624926513
6	4.481639623641968	234.4671154650607	0.8181861753453847	0.8148974867724867
7	4.477210968732834	228.72632322385329	0.8283414933609129	0.8102984763864394
8	4.449948284361097	224.8938030207804	0.8415561553290879	0.8278739222026259
9	4.451367783546448	224.28931645829547	0.8426419348594819	0.8480152606310013
10	4.448357777162031	216.4606903874597	0.853699736786312	0.8315819126004311
11	4.4520789583524065	209.72533055054126	0.8676302679132735	0.8251212522045855
12	4.440122219232412	205.96376211329024	0.8738836178031447	0.8044900058788947
13	4.426101326942444	200.33291149878687	0.8819426531660894	0.8285751028806585
14	4.420135068893432	197.97799899411757	0.8864896865425773	0.8386090290025475
15	4.42190220952034	184.72774730357088	0.9022000292801391	0.7625753233392122
16	4.420288001789766	175.57588653046955	0.9123575515078246	0.8234035126396237
17	4.410099850760566	171.3133749351945	0.9167067183976465	0.7637909073094258
18	4.415878157866628	165.21377041543178	0.9239472733998139	0.8014464530668235
19	4.406876492500305	148.20087634824043	0.937525784156164	0.8248426170879875
20	4.409785929180327	138.4382088105808	0.9448986431485089	0.8090982020380169
21	4.403136491775513	130.3891631226207	0.9501385167928159	0.7640634185773074
22	4.3960426061049755	116.12097705981527	0.958611995302055	0.8060546492259456
23	4.393013725678126	123.48215136648149	0.9554500529626047	0.7952123750734863
24	4.3867269706726075	102.87852837873059	0.9657130954397208	0.7895784342543601
-1	-1	-1	-1	-1
0	5.127201557159424	274.33919983131943	0.7166017773946664	0.6918693660591807
1	4.749049186706543	267.5785405469495	0.7365333658258127	0.7652545071526552
2	4.66234827041626	253.8240170866944	0.7718716667698717	0.7478290956300214
3	4.60333514213562	246.3301851989687	0.7920975303391862	0.771023172643543
4	4.574375152587891	243.4809064791184	0.7990020967696296	0.7877412796394277
5	4.5503571430842085	239.52792131808377	0.8134622923888452	0.8036449147560258
6	4.550064155033657	238.44330620211224	0.8136096542237011	0.7506430041152263
7	4.5283105075359344	234.0831549149151	0.8237104564339004	0.8138962375073485
8	4.497918446858724	225.18740428510563	0.8406700620419084	0.8158099402312364
9	4.495763421058655	224.6689013362855	0.8430946441540397	0.8117988193219675
10	4.479731386358088	221.6302028774291	0.8504457685893001	0.8083021017048794
11	4.459626495838165	217.1022467243579	0.8553417595067158	0.7986754115226339
12	4.451692287738506	207.28708360546318	0.8719508569361738	0.8068599353321576
13	4.4382679632731845	203.1706482051879	0.8776526027337153	0.8042113707622965
14	4.438544050852458	195.0290076279825	0.8882647565340025	0.8196067264354301
15	4.426685869693756	187.63175017057463	0.8979506414359898	0.8195148687046835
16	4.416417682872099	179.62804875632588	0.9080460228221052	0.8178644914756027
17	4.420595500204298	168.89495568312415	0.9179698088548226	0.8235872281011171
18	4.418163098787007	157.4207076619762	0.9286745395657108	0.8071753135410543
19	4.410692834854126	144.86912504647128	0.937586733185347	0.8097289584558102
20	4.412381149473644	136.9702056258224	0.9440920168356699	0.8119151724475798
21	4.411425904794172	125.65702212688535	0.9509550492451752	0.7913604742308447
22	4.404095276542332	119.08464109828306	0.9548147913297982	0.7970342200666274
23	4.402734865744908	109.38453291737756	0.96156316626157	0.8084613217715071
24	4.39665771484375	96.32868380139965	0.9677909114078946	0.76707022829708
25	4.397462624769944	95.38529457232748	0.9681444696009411	0.8122519841269842
26	4.391995580108078	79.42200625774473	0.9754195230864056	0.8131766852831668
27	4.38648521900177	78.8786542766778	0.9758296090691335	0.8129501028806584
28	4.38129106061212	78.10152003376983	0.9756414308638092	0.8142881638252009
29	4.376749491691589	65.00179760215818	0.9814760829653154	0.8003472222222222
30	4.37527915739244	56.74845075145248	0.9839329849789606	0.8208866108171663
31	4.370842389762402	70.15691019675528	0.9799863431115601	0.8122672937487752
32	4.366902560898752	63.28518141886985	0.9813121639089067	0.8113670879874584
-1	-1	-1	-1	-1
0	5.084015130996704	274.20589089208795	0.7131326934693397	0.734720997452479
1	4.7727038860321045	263.25644587731176	0.7526023287552701	0.7568801440329217
2	4.67690372467041	253.18877567986186	0.778933283316513	0.7797159758965314
3	4.568653047084808	246.04651063357213	0.7935302426109683	0.7941039584558102
4	4.547537231445313	238.69229965616566	0.8101564098694574	0.7256730109739369
5	4.495586554209392	238.65951971305432	0.8169393345452741	0.7833259847148735
6	4.492402485438755	230.42828650622405	0.831158579019263	0.8044379531648052
7	4.4652043879032135	223.85617810626363	0.8424831546930445	0.8293712032137958
8	4.466572443644206	220.86194537961205	0.8487892390772573	0.7872942386831278
9	4.4585840702056885	218.91365328685256	0.854136311760487	0.8153475896531452
10	4.4596499529751865	212.14545543064443	0.8629557490569048	0.8194321967470115
11	4.450472772121429	206.2219532035118	0.873090819077036	0.8163304673721341
12	4.451679358115563	198.93691756096922	0.8835158839628905	0.8019792279051537
13	4.448618922914777	195.9179791812749	0.8866525163080943	0.8091900597687635
14	4.435464255015055	189.75141160756118	0.8955716301286891	0.8104393249069175
15	4.435651019215584	184.95813477131748	0.9021525618276384	0.8010851459925534
16	4.423021148232853	171.06200257937112	0.9161666992343285	0.8130388986870468
17	4.425247550010681	160.96313345524692	0.925229022769204	0.8100810797570057
18	4.416570851677342	150.9220225374366	0.9354332691685465	0.7636561826376641
19	4.407843232154846	141.12354033677153	0.941615340988545	0.8099279835390947
20	4.400127422241938	133.35619398697403	0.9468849458665998	0.7952981089555162
21	4.402448502453891	125.95230007264041	0.9513733882083056	0.8050258426415833
22	4.400208908578624	112.43627055116401	0.9592868174170078	0.8005217519106408
-1	-1	-1	-1	-1
0	5.225284099578857	265.545832345652	0.7463472103695983	0.7351312953164806
1	4.735558986663818	267.5425494068353	0.7384737901745859	0.7935375024495394
2	4.631329695383708	254.2659364670746	0.7765651008421937	0.7825788751714677
3	4.535199284553528	246.6980212751285	0.7942558384966576	0.7828789437585734
4	4.518707132339477	239.8094620464384	0.8087195967378481	0.8003931510875955
5	4.507463892300923	235.59278243087059	0.8209495012944364	0.789756025867137
6	4.499848944800241	231.36110417417777	0.8276056837712161	0.7952460562414266
7	4.480914264917374	229.2820417030837	0.8326883791474559	0.8108588085439937
8	4.458493762546116	221.55783676639084	0.8474594071263921	0.793601802861062
9	4.439306020736694	222.19711917500163	0.8499423880455016	0.831385949441505
10	4.4434780207547275	215.45202725062998	0.8574479611140069	0.8154241377621007
11	4.436665793259938	212.72615403907244	0.8641437937792417	0.8238291201254164
12	4.4219087820786696	206.74600829449736	0.8742708927530835	0.8170071526553008
13	4.409401604107448	195.4144564321799	0.8890679483767361	0.8091931216931216
14	4.410287586847941	191.52436707740605	0.8930015956445588	0.824294532627866
15	4.401066839694977	179.57101362620213	0.9077706116391422	0.7931516999804037
16	4.403906906352324	171.56504709406417	0.916016620579837	0.777199074074074
17	4.40564419163598	169.62743123557217	0.9180432655064786	0.8221389378796786
18	4.398963576868961	156.09656115095746	0.9309229641178867	0.8272002988438173
19	4.399806916713715	151.605101224988	0.9335246008530608	0.8346989515970998
20	4.3955537137531095	140.0968504099883	0.9428033600805081	0.8442001028806584
21	4.389155496250499	122.90192158092825	0.9547254951070593	0.8247415735841662
22	4.386512175850246	108.85646662601205	0.9621198707983104	0.830442876739173
23	4.3806915779908495	104.1162928287373	0.9642146668892067	0.8200721389378797
24	4.3746528148651125	97.6542711110078	0.9678002536791889	0.8205681706839114
25	4.376605345652654	84.57425070917884	0.9735363569929707	0.818133940819126
26	4.373582760492961	81.24959881869397	0.9749898042372543	0.8314349402312364
27	4.3693042397499084	68.54561522857163	0.9793066768559363	0.8200996962571037
28	4.370906986039261	72.92682534779689	0.9777316134873998	0.812555114638448
29	4.3711127201716105	65.23962902930356	0.9808833293076559	0.8320075200862238
30	4.37293747163588	69.57272977237554	0.9793564766724638	0.8228033754654126
31	4.372434057295322	55.60755949403889	0.9848360199433016	0.8023068538114835
32	4.3685273112672744	48.40466221543245	0.9870927999973753	0.8224879972565158
33	4.365094233961666	44.44712773034739	0.9878240345653274	0.8247140162649422
34	4.367936297825405	44.625983421192615	0.9880267195622907	0.8158895502645503
35	4.3668510052892895	37.88713174642518	0.9903111291594509	0.811238487164413
-1	-1	-1	-1	-1
0	5.307579517364502	268.2837933643844	0.7369415807912445	0.7330308152067411
1	4.77569317817688	274.95813437395316	0.7245558051156585	0.7642379482657261
2	4.656216621398926	255.16504935700763	0.7725640841365209	0.7779982363315696
3	4.550880193710327	249.38048550140027	0.7843432913829043	0.7851386439349403
4	4.489270782470703	242.71313960607662	0.801679458444552	0.7838893787967862
5	4.4480663140614825	238.9508959674096	0.8094256110178621	0.795778831079757
6	4.448194571903774	234.48878946969674	0.821612161796964	0.8354828042328044
7	4.448404371738434	233.16533831293268	0.8263980574432042	0.8186360964138741
8	4.450747595893012	227.84019049932792	0.8353484659503558	0.8052769204389574
9	4.446630215644836	223.86923823245735	0.8431703306482271	0.8430733147168332
10	4.448755849491466	225.2139647136363	0.8426649124897017	0.8337528169704095
11	4.447589814662933	216.47770932570907	0.8558415005374176	0.8406084656084656
12	4.445791684664213	211.54879704371902	0.8645651827568686	0.8084827552420144
13	4.4448612587792535	201.52469625676326	0.8817521425967383	0.8087613903586126
14	4.436964193979899	195.49901865249456	0.8886037438594749	0.8161467519106408
15	4.424590289592743	192.15856202905493	0.8949999061928312	0.8048421271800901
16	4.41356001180761	177.74230072295018	0.9087925971688484	0.8168264991181657
17	4.413322011629741	167.5485990472542	0.9203937758379799	0.8254856212032137
18	4.410179840890985	161.73510886347572	0.9253775764164472	0.802606922398589
19	4.4117804884910585	149.4828962632852	0.9349234810312679	0.8258591759749166
20	4.410254807699294	139.25095336196958	0.9421158509304647	0.8182931608857534
21	4.402578711509705	126.77932317312374	0.949845087456987	0.8518794091710759
22	4.4076380522354786	114.18378571946492	0.9582740460067262	0.8189912796394277
23	4.400675336519877	119.22868877603102	0.9555142570492754	0.8237219527728787
24	4.398663578033447	113.71506449048833	0.9588319679862276	0.8095758622378993
25	4.392593897306002	90.2627647010855	0.9709185090462917	0.8186452821869489
26	4.386825305444223	88.22431778029878	0.9706760969697517	0.8179930922986478
27	4.386179447174072	76.92314419265865	0.9758371443990661	0.8191168185381147
28	4.388087404185328	79.58732401585394	0.9755268118316368	0.7781176513815403
29	4.389592814445495	63.54375927808673	0.9814314348539457	0.8050166568685088
30	4.3849788865735455	61.91224369152572	0.9819546533071588	0.8026375416421712
31	4.38062983751297	56.1988879594692	0.9844014825838534	0.7973342886537331
32	4.376393982858369	52.07262864177541	0.9853991705190828	0.7474187977660199
33	4.3722891527063705	55.43255842286487	0.9838470975959528	0.8049431706839114
34	4.368391833986554	43.29801781232967	0.9883869416525564	0.7796118704683519
35	4.364722013473511	46.16876737831175	0.9873630722903671	0.7776736723495982
36	4.363787992580517	38.429126315338664	0.9898286886311453	0.7763907260435039
-1	-1	-1	-1	-1
0	5.1258790493011475	270.14007300369497	0.7266258422653478	0.7637602880658436
1	4.6908345222473145	262.07618887849554	0.7532741136709135	0.7650891632373114
2	4.583756605784099	268.5733756057976	0.7649700222020552	0.7806835439937292
3	4.557886898517609	247.33494877630426	0.7891034669489151	0.7891711983147167
4	4.529772138595581	240.97565394039302	0.8059918585629849	0.7949368018812463
5	4.483618179957072	237.1653008608855	0.8147028024865974	0.8002247452478934
6	4.460324355534145	232.18233105563377	0.8259494361932866	0.820050705467372
7	4.460375219583511	228.10415927846302	0.8331673083145342	0.8273135900450715
8	4.437090847227308	223.09661179180293	0.8436760051104916	0.8069272976680383
9	4.423097252845764	223.48644810683967	0.8441105040243788	0.8205406133646875
10	4.406620914285833	228.00818297659703	0.8402716250641272	0.7880689055457574
11	4.393137077490489	216.82788782711177	0.8553671592072709	0.7957267783656672
12	4.381576061248779	216.29312372762104	0.8590657246854947	0.8028886194395454
13	4.387280719620841	203.8135133806125	0.8773545855609546	0.774853640015677
14	4.391811720530192	197.7268210233644	0.8863684164283725	0.7963789682539684
15	4.3880724757909775	192.47531800676686	0.8925499884560797	0.779223006074858
16	4.379354631199556	185.15291667908662	0.9011886547252363	0.8009442974720753
17	4.371382368935479	172.66190825506698	0.9149874329150594	0.8022486772486772
18	4.366606762534694	162.37508769368017	0.9241379633817823	0.8100841416813638
19	4.363395690917969	150.69213669059812	0.9345853138777607	0.8242577895355674
20	4.357796975544521	140.39384615051654	0.9420237609969683	0.7989969135802468
21	4.363034768538042	136.56391345807748	0.9448641702955859	0.7998083235351754
22	4.358458114706951	124.886811106704	0.9520642805677066	0.789382471095434
-1	-1	-1	-1	-1
0	5.131710052490234	271.9349255413972	0.7252188500737949	0.75063688026651
1	4.790101170539856	270.85747071199637	0.7260467367818012	0.7370174407211444
2	4.659152189890544	254.4671594810116	0.7721695429755756	0.8011923133450912
3	4.607108652591705	242.05003423469012	0.8000732541717022	0.7918044532627866
4	4.571140432357788	241.29219855448997	0.8059146342463624	0.7993276014109347
5	4.515424092610677	239.1114069214163	0.8120174697653858	0.8008034489515972
6	4.506811618804932	230.83907796061317	0.8261885291364041	0.807656035665295
7	4.477551490068436	227.9501446051191	0.8344852477719004	0.78849451303155
8	4.476725843217638	226.59246509943821	0.838828596566842	0.7974077748383304
9	4.46195125579834	225.05988637791123	0.8428413263533965	0.8051758769351363
10	4.462022564627907	218.23447587878206	0.8530224285250888	0.8089512296688223
11	4.459473709265391	211.55733091886654	0.8649036959204237	0.804689030962179
12	4.4444948343130255	209.30278908005056	0.8702501022139312	0.8142697922790514
13	4.442777548517499	205.46699827770854	0.8734275637447904	0.8202129874583578
14	4.42958075205485	197.69192440380422	0.8845088174637575	0.7979374877523027
15	4.418655827641487	188.06467950066855	0.8972077194175304	0.8001941260043112
16	4.420945896821864	181.0198635278746	0.9045923811970656	0.8154149519890261
17	4.423775394757588	175.31783653599348	0.9105665778693818	0.8049829757005682
18	4.415785275007549	166.7854137614716	0.9186351989921726	0.8239669067215363
19	4.421375262737274	152.7346873837848	0.9314451060953951	0.7876769792279051
20	4.416609809512184	147.41601253849592	0.9353930551118653	0.78138778659612
21	4.418983524495905	133.7756027528482	0.9461915673609285	0.8186452821869489
22	4.41709475931914	126.91314893914748	0.9507649743921809	0.8121631883205959
23	4.4102074801921844	115.2120751951092	0.9569918993665403	0.8044746962571037
24	4.41031662940979	107.55995168981626	0.9610292727576192	0.8151761218890847
25	4.412134665709275	99.52616688262584	0.9655111537236012	0.8350878159905937
26	4.416147408662019	99.07617875032646	0.9645368919501351	0.8270135214579659
27	4.409998059272766	86.87743688738624	0.9716304311274945	0.8297110768175583
28	4.405415814498375	85.56250783916592	0.9726147656379113	0.805644351361944
29	4.4003618637720745	80.02000132919282	0.9751437146326469	0.8278310552616108
30	4.402189723906979	66.72390049002891	0.9803111055795068	0.8149066725455615
31	4.399639613926411	70.11708802123403	0.9786666095280198	0.8146066039584559
32	4.394995227004543	61.744111398162765	0.9821243007521386	0.8094870664315108
33	4.394139647483826	54.04182052473689	0.9846565560651102	0.8112997256515774
34	4.3920387336186	50.781105294708134	0.9851422003901558	0.8084858171663728
35	4.387561745113796	45.89014343328254	0.9872799017269951	0.8087123995688811
36	4.383595975669655	49.04740133927774	0.9862885444941241	0.7904051538310798
37	4.380297209087171	42.41469949160435	0.988708128683341	0.7805243239271017
38	4.377549678851397	44.92655077645945	0.9874447562920519	0.792058592984519
39	4.373691290616989	38.56764786187993	0.9900533132281847	0.8110517097785616
40	4.370407075416751	36.77786774783171	0.9904236721313359	0.7980354693317657
-1	-1	-1	-1	-1
0	5.121432781219482	270.5632415316826	0.7359399714088053	0.7802671222810111
1	4.7992881536483765	265.9902458671452	0.7437412677316052	0.7800589114246522
2	4.654087543487549	256.316350195759	0.7697229700026205	0.8077968841857732
3	4.556512236595154	248.05487885770873	0.7882640593878317	0.8052891681363904
4	4.499568843841553	243.40073378511178	0.8023338659666772	0.8010728982951204
5	4.497872988382976	236.6070775172507	0.8157566209407127	0.8290650107779738
6	4.504972628184727	235.61960668342059	0.822859809953853	0.819119880462473
7	4.487988144159317	229.70771869023642	0.8316925365991489	0.8536553252988439
8	4.484553893407186	227.3191483741583	0.8369316157018641	0.8300754458161866
9	4.46351420879364	216.90821752622145	0.8545195627417201	0.8274697481873408
10	4.442054813558405	217.66096173145974	0.8569295611710908	0.8310613854595337
11	4.432093560695648	208.69319527278574	0.8711651578236409	0.828666960611405
12	4.426283469566932	204.8208080594854	0.8746747633701357	0.8394694297472076
13	4.414034196308681	193.87664339154264	0.8904288956015408	0.8369096609837351
14	4.415469757715861	185.37911362980688	0.9011733021312579	0.8182686654908876
15	4.415159568190575	177.89974527211152	0.9092403341708655	0.8187646972369194
16	4.411890829310698	166.92027552460516	0.9208271342002278	0.7525505829903977
17	4.4025828043619795	162.49022932754932	0.9269788852878783	0.8482663384283754
18	4.3941882535030965	149.7491032153137	0.9360266379551802	0.8080969527728787
19	4.396686959266662	146.6315536979557	0.9385033778782397	0.8335139868704683
20	4.3923974831899	132.65229474666506	0.9481349904634505	0.8168601802861062
21	4.397423657503995	122.80725614807402	0.9544324245964652	0.8368576082696454
22	4.39347619595735	117.04773136534432	0.9583624323511909	0.8056565990593768
-1	-1	-1	-1	-1
0	5.025216579437256	273.38900881035386	0.7254060415097233	0.7868808788947679
1	4.642865180969238	267.44354253221854	0.7384824788713449	0.7192888986870469
2	4.552310466766357	256.07951833665834	0.7704589846353085	0.7538182196747011
3	4.474190771579742	251.89493254728094	0.7767553679229925	0.7645502645502645
4	4.4270459651947025	246.1812703480092	0.792641099309292	0.7916421712718009
5	4.426904519399007	238.08687897246014	0.8118468355510099	0.8027783901626493
6	4.411418676376343	232.34551214617352	0.8246969695261005	0.7946704144620812
7	4.3952657878398895	230.1822897482288	0.8296641872526411	0.8240557025279248
8	4.398597399393718	224.87745140504467	0.8437192563664824	0.7912808641975309
9	4.390257573127746	223.35747109272683	0.8436190159740794	0.7906837889476778
10	4.3758792010220615	216.82703262890956	0.8545321216249411	0.8041317607289828
11	4.374324858188629	212.3638247362403	0.8634621027240781	0.7725173917303547
12	4.3699684876662035	209.48289079906405	0.8699173430693213	0.8039235498726239
13	4.359818645886013	200.62994075745576	0.8806742315911377	0.8298794826572603
14	4.366844511032104	193.9796780301619	0.8919457267605299	0.8192821624534589
15	4.373428523540497	189.223804671635	0.896102332651087	0.8308378649813835
16	4.365920950384701	181.32697385041288	0.9064664356925715	0.7967708945718204
17	4.371544268396166	170.5571287214294	0.9169336753587125	0.8284801832255535
18	4.36726683064511	162.8576807938805	0.9244593939011192	0.8134736919459142
19	4.364684224128723	165.06898275179455	0.9221168546159074	0.8078673084460122
20	4.364605063483829	148.0680580397909	0.9360813716186872	0.8284924309229865
21	4.359568324956027	134.41786143622656	0.9465987827417776	0.8058893053106017
22	4.354654198107512	126.89818562832913	0.9516419176358707	0.8309480942582793
23	4.3603245715300245	119.76270556519198	0.9557378820617319	0.8152771653929061
24	4.364987897872925	108.46063669337782	0.9618510594366321	0.8364258769351361
25	4.369111473743732	105.69266218732494	0.9639157654685457	0.8225921026846953
26	4.372819079293145	99.49017069783322	0.9666523717527853	0.8197812561238487
27	4.376915957246508	87.53631806928058	0.9716849084872626	0.8206539045659414
28	4.3724353888939165	79.68115898805071	0.9751470593964436	0.8124969380756417
29	4.370050080617269	68.41946958663851	0.9797241700167274	0.8162998481285518
30	4.365935940896311	72.7202306329742	0.97808169876478	0.8100535224377817
31	4.3623141720891	62.479830359303676	0.9821539550947648	0.8076101067999215
32	4.363639600349195	55.42244145666906	0.9841824454083288	0.8157946306094455
33	4.363992740126217	55.7979093383449	0.9845504206867054	0.8056014844209289
34	4.367131022044591	62.30500460779944	0.9828901619552571	0.8012321183617479
35	4.364035858048333	48.968595481889196	0.9868154793515557	0.7980324074074073
36	4.3653951851097315	45.19420209573221	0.9883454845227398	0.8072487997256516
37	4.367126552682174	38.57834842593171	0.9903936589634749	0.8034091465804428
38	4.364782528999524	34.87077663665594	0.9911386057814742	0.7970036008230452
39	4.361932843923569	35.85112433378087	0.9907346710884872	0.8100657701352146
-1	-1	-1	-1	-1
