Epoch	Training_Time	Train_Loss	Train_Score	Valid_Score
0	0.7216696739196777	309.787390884088	0.6681544944277112	0.7176986519035892
1	0.5155730247497559	316.2520667874083	0.6149348047166606	0.699893296945664
2	0.44658557573954266	276.3877507423868	0.7294178731952821	0.7225058815777561
3	0.41219860315322876	269.2911573137556	0.7531238947057678	0.7421435832701225
4	0.39095511436462405	269.98758868781886	0.7481311933996274	0.7468935569715166
5	0.3774307568868001	257.48310478366153	0.781837741316774	0.7647826367422201
6	0.3680359295436314	251.11875697544642	0.8040473795507741	0.7801133186421617
7	0.3607380986213684	243.89779663085938	0.8205263782726823	0.7910877238918489
8	0.3553918202718099	236.7470905537508	0.8320035619905538	0.786653511341015
9	0.3512376070022583	235.34080038265307	0.8318192681643796	0.8092368536348992
10	0.34766125679016113	230.2096208844866	0.8467227984306945	0.8006166548893523
11	0.34483490387598675	223.07756727568957	0.8551052344271836	0.8061407087348629
12	0.3424096474280724	217.34342894262198	0.8644226108357582	0.8011533645866437
13	0.3401981592178345	213.62411748146525	0.8686535145286692	0.8176499193536877
14	0.3382496515909831	208.23285005530533	0.876417001803863	0.8110391925826822
15	0.3364138901233673	202.6143356634646	0.885228717088873	0.8159695982960798
16	0.3350575531230253	196.8765127999442	0.8927516590869828	0.820257489576648
17	0.3337375587887234	191.94289974290498	0.9004913458440357	0.8161779461695328
18	0.3324715463738692	187.30934921576053	0.9049588655623236	0.8015914671342009
19	0.3312780737876892	184.91564723423548	0.9088881800773536	0.8039347954457036
20	0.33023638952346074	179.68031248754386	0.9135609359441307	0.8022169775206787
21	0.32926088029688055	171.00085916324537	0.9247166380629697	0.8041968928670783
22	0.3283465530561364	167.02822564572705	0.9292281469230805	0.7974186302886571
23	0.32753051320711773	161.65646144321985	0.9329251219971164	0.8080975801532454
24	0.3268784523010254	154.80368057562382	0.9415615115691862	0.8165469641015933
25	0.3261909851661095	147.89690399169922	0.9454206302031567	0.8054185863205787
26	0.3255069785647922	139.03844062649475	0.9533330391508477	0.7954041373887577
27	0.3248605728149414	136.9676247421576	0.9551420671700953	0.7854670246836429
28	0.3242518572971739	126.76889349489795	0.963060166301425	0.7877916338127758
29	0.3238549073537191	123.76877531713369	0.9644243267652207	0.7899987093926311
30	0.32343627560523247	115.31600173638792	0.9700642387782016	0.7781033817333375
31	0.3229951560497284	107.4984429807079	0.9739774263605719	0.7865275760593134
-1	-1	-1	-1	-1
0	0.3778667449951172	307.1717205436862	0.6878377405297171	0.7244157674095423
1	0.34103918075561523	315.59322248186385	0.6270359346254261	0.6889070444167315
2	0.3287249406178792	277.90706151845507	0.7302988266431724	0.7417021251008983
3	0.344032883644104	265.9918138153699	0.7610180850756251	0.7519947602753468
4	0.3361663818359375	259.7674345678213	0.7775185550146553	0.7753298841484334
5	0.331857164700826	251.79501124790735	0.7986919337269756	0.7909652664610185
6	0.328676666532244	244.98476394341915	0.8162786169073839	0.7893771528928006
7	0.3258178234100342	242.0989115189533	0.8217125742509234	0.7965609175908228
8	0.32398422559102374	234.86089745346382	0.8385641841355373	0.8003999713944875
9	0.3230366945266724	227.787701042331	0.8454132186893722	0.8002623716023035
10	0.32168414375998755	226.8305850904815	0.8501726382016352	0.7959879655801837
11	0.32068681716918945	220.6418195452009	0.8601091600778443	0.8107764239204442
12	0.31984729033250076	214.91060373734456	0.865974237918563	0.806057768266201
13	0.31909176281520296	208.84221010792012	0.8763515286691849	0.7992143502299901
14	0.3181481838226318	207.98214783960458	0.8756591041538325	0.8091887146022562
15	0.31752030551433563	201.32625751106107	0.8864729439946465	0.813342879362369
16	0.3169275171616498	198.48684879225127	0.8912444987624409	0.8109088900597365
17	0.31627097394731307	193.33877096370776	0.898558472291612	0.8121368791583446
18	0.3158915544811048	185.40952472297514	0.9061071255651848	0.8047782572462351
19	0.3156756520271301	182.03249810666455	0.9103103448851683	0.8092945976658615
20	0.3153465134756906	175.27294921875	0.9177103202714636	0.8027622678275975
21	0.3152307163585316	169.30847074547592	0.9255101684464483	0.7987435030054225
22	0.3151811516803244	164.940695782097	0.9296967546099886	0.7990219993270052
23	0.3150041103363037	159.59706364845744	0.9351571657497476	0.800363755389036
24	0.3147476863861084	154.86276198406608	0.9397913174521652	0.796755332287312
25	0.31480568188887376	151.31643598906848	0.9438289049619425	0.7880165380179203
26	0.3146355946858724	144.07602115553252	0.9484831418130085	0.7941257727923077
27	0.31452792031424387	135.93842440235372	0.955968626911385	0.7891569336404624
28	0.314419359996401	128.01592970867546	0.9596470619654882	0.7966189389567041
29	0.31426111857096356	123.12863050188336	0.9637644171359496	0.7938243510649953
30	0.3168972769091206	116.67238492381816	0.9675198622252741	0.7809507317758914
-1	-1	-1	-1	-1
0	0.3688969612121582	404.47316196986606	0.552562887799525	0.6592439244062798
1	0.3396204710006714	371.75114970304526	0.5508714563979394	0.6484092806221806
2	0.3303043047587077	322.4495183205118	0.6271712836749889	0.6659904683125
3	0.3242605924606323	300.83852962571746	0.6753925493707924	0.6897033824229472
4	0.3212562561035156	294.5616121875996	0.7008875267876474	0.7041583238600216
5	0.319216251373291	281.66828295649316	0.7302302914590593	0.7078311851074384
6	0.3177285534994943	273.3425305424904	0.7489507141481543	0.72552841280798
7	0.3159264922142029	259.7225108243981	0.7829234678391673	0.7393077521208237
8	0.31500114334954155	258.2069082454759	0.7876006972645149	0.7525544305893721
9	0.3147735595703125	249.36043501873405	0.8065438849548974	0.7479704533230099
10	0.31448032639243384	240.38766946597974	0.8249345699996292	0.7521569468898298
11	0.3140771786371867	228.79294228067204	0.8435591584006356	0.7695461948232035
12	0.31401705741882324	219.18280776666134	0.861234041947346	0.7663531520400827
13	0.3138295752661569	213.15788891850684	0.8697179414790552	0.7748382867836908
14	0.31367427508036294	208.2206296336894	0.8783442294542471	0.771585519824285
15	0.3135007917881012	196.57492003148917	0.8939726156708158	0.7753268069975863
16	0.31334703108843637	189.76737384406889	0.9034357537765527	0.7803939693691827
17	0.3132331371307373	183.98142117870097	0.91088376423127	0.7896930337631698
18	0.3129403214705618	183.28810804717395	0.9120120257675189	0.7724953437911823
19	0.3125355362892151	172.6166976617307	0.9243400145573779	0.7707236344237653
20	0.31248981612069265	166.47320463219467	0.9314316670883711	0.7739913249606366
21	0.3148366863077337	158.33636100924744	0.939523129127616	0.7685975733947842
22	0.31440456017203955	153.20910130714884	0.9437422655578221	0.7655787464932322
23	0.31912259260813397	145.6997123251156	0.9501017158424494	0.7764476364800101
24	0.3186317729949951	142.97467196717554	0.9531327325014178	0.7754474301659363
25	0.318233114022475	133.51136250398596	0.9598727296243746	0.7757512765920982
26	0.317856232325236	126.54167782530493	0.9644117720750881	0.7761729824682267
27	0.31752753257751465	124.62887837935467	0.9661421676958142	0.7651300498912951
28	0.3172492898743728	115.5457187574737	0.971196523494026	0.7677085550459358
29	0.31704166730244954	109.55253492082868	0.9741302310281621	0.7645179656406583
30	0.316829627560031	107.73757763298191	0.9755209459316472	0.7710649949449356
31	0.31661221385002136	101.29071589878627	0.9789351018597728	0.7649755761216263
32	0.31648338202274207	97.45912061418805	0.9805670980693463	0.7672629332728119
-1	-1	-1	-1	-1
0	0.3795435428619385	418.801513671875	0.5444073373668062	0.6376280113482921
1	0.343090295791626	384.5535103934152	0.542123755128615	0.6217591489809356
2	0.3345998128255208	319.7428314831792	0.6279334445803967	0.6265789917509377
3	0.3276941180229187	309.19713639239876	0.6659963704373996	0.6630696151825958
4	0.3234060287475586	294.0862267941845	0.7013575019991772	0.6843827271390507
5	0.3243480126063029	280.1805765580158	0.7371961919341244	0.7177198463805188
6	0.32488993235996794	275.6851177604831	0.7440534438240705	0.7177762518994429
7	0.32787400484085083	269.26875959123885	0.7644708853839868	0.7218002169986105
8	0.3287309540642632	255.501849738919	0.7926084233214152	0.74656963670753
9	0.32820634841918944	242.09116721639828	0.8208179328396547	0.749305603228071
10	0.3262905207547275	247.90264830297355	0.8146995781311982	0.7539004263567614
11	0.32440338532129925	229.44324882663025	0.8436638827537261	0.7609012198067724
12	0.32305176441486066	223.17830517827247	0.8557214554645212	0.7683545262009351
13	0.32193996225084576	218.37168292610014	0.8622836087752811	0.7560527890792202
14	0.32645036379496256	211.1219445053412	0.8741241298219178	0.7701802953076181
15	0.3252049535512924	200.37345605966996	0.8886888575953144	0.768696180501295
16	0.3241861147039077	195.17668120715084	0.8983514752364349	0.7747226454362136
17	0.3230641947852241	192.57514393086336	0.9009549648819468	0.7701396450823045
18	0.3221778995112369	183.0587668905453	0.9102143541807202	0.7698728747413669
19	0.32135815620422364	179.10521589006697	0.9172149033557359	0.7645739769912042
20	0.33102214904058547	178.19163139498963	0.9178341717968105	0.767205973721763
21	0.3298911181363193	170.58353533063615	0.9271940152123688	0.7844675245305547
22	0.32900122974229895	166.18192400251115	0.9315569154537475	0.7757645494061395
23	0.3280734618504842	157.1530548407107	0.9400724935386301	0.7746334058192265
24	0.32727989196777346	152.6410930399992	0.9441238961678947	0.7678065549744701
25	0.3264815623943622	149.39339758425342	0.9459447500773978	0.7732273865316989
26	0.32571785538284864	143.6679741995675	0.9519813196629273	0.7741927749576494
27	0.3312860301562718	137.31006653454838	0.9569259048760917	0.7705873764742729
28	0.3303757207147006	132.70381631656568	0.9603758263813221	0.7729734470544639
29	0.3295015732447306	126.36965117162588	0.9639391704023846	0.7705640775709831
30	0.3287071104972593	122.36817122478874	0.9665416772135001	0.7666521886618219
31	0.3279736116528511	115.91434509900151	0.9701916345336282	0.7640104955830629
32	0.3273651527635979	116.64817358522998	0.9707185221734259	0.7665849887726153
33	0.3270819117041195	107.75569433095504	0.9756858629453161	0.7626229208026439
34	0.32665112359183174	101.87300467977718	0.9781216318533127	0.7659870541175896
35	0.32879432042439777	96.95628061099929	0.9809940869909498	0.7611276550539063
36	0.32831375663344925	93.20562884272361	0.9827322315567808	0.769055846534633
-1	-1	-1	-1	-1
