Epoch	Training_Time	Train_Loss	Train_Score	Valid_Score
0	52.39122653007507	0.04703633023195997	0.08761853529469282	0.1397599442333692
1	43.56260061264038	0.04242079144369585	0.14308607958421057	0.18019214036447986
2	40.57145222028097	0.03961158739681811	0.1876794486000628	0.19808152611508745
3	39.03554576635361	0.03765975398884323	0.2272609668488817	0.21217898236028623
4	38.32077617645264	0.03608620359505873	0.26090474221868115	0.22877678069360222
5	37.71673826376597	0.03482354914060664	0.2893339552269224	0.23979475362884156
6	37.23879885673523	0.033691960688302165	0.318869722276592	0.23606388336144576
7	36.93104761838913	0.03273387210766075	0.33953535705439397	0.24218281070959535
8	36.661675718095566	0.031826320677108576	0.361494701029292	0.24596149708186515
9	36.51582996845245	0.03100443381606618	0.38472869670558996	0.24897953861405606
10	36.349628621881656	0.030249309699868117	0.4045135013954347	0.2528095685417769
11	36.198676427205406	0.029418463920773033	0.4250283443398576	0.25549772004022203
12	36.087965323374824	0.0285606629877107	0.4436670664305346	0.25104774356716325
13	35.98893565790994	0.027752935080574737	0.4692608464564589	0.2526192520770421
14	35.93787512779236	0.026971535760415426	0.48822241344134226	0.25174827668352917
15	35.86696721613407	0.02618706481697254	0.5079387535280229	0.24950579486199337
16	35.79020718967213	0.025506567437517395	0.5259083640572674	0.24687561700933067
17	35.71274186505212	0.024792263226500605	0.5431107344085454	0.248966425514672
18	35.64349080386915	0.024147738726405524	0.5625691063623772	0.2429958491973118
19	35.63661111593247	0.023526495856956094	0.5778630990372399	0.23961789202034037
20	35.5758269627889	0.022888428074769658	0.5949480870658935	0.2457998802081686
21	35.53838854486292	0.022275651386721974	0.6103693888488818	0.23834983424634762
22	35.49329282926477	0.0216964257794648	0.623964882011188	0.24148881576205541
23	35.44936552643776	0.0211373692772292	0.6401846757609209	0.23581710553914248
24	35.43589896202087	0.020599221265442818	0.6534033497433422	0.23376840250660755
25	35.402060985565186	0.020077947969021178	0.6676984171657654	0.22854507410884356
26	35.36615569503219	0.019536467555806944	0.6821698272915658	0.2279699253692467
-1	-1	-1	-1	-1
0	42.97424387931824	0.04716865051540473	0.08684851583087613	0.14872990849895462
1	38.77476727962494	0.04254291243674308	0.14137213838165494	0.16880925903489252
2	37.363775173823036	0.03965841784666464	0.18476351204244834	0.20559296830679902
3	36.76882576942444	0.037724765014227196	0.22290472527594635	0.2086906355799394
4	36.36175322532654	0.03624014448003069	0.25781599910452063	0.22582750515011218
5	36.080030957857765	0.03494320245945406	0.285280326760337	0.23426337524315544
6	35.850790568760466	0.03383740274149889	0.3152886996685764	0.23790897654712334
7	35.71022433042526	0.03285180454919968	0.33759746579644173	0.234736721314674
8	35.59243679046631	0.03193339421614526	0.3587290212396644	0.23957851299821054
9	35.55544505119324	0.031132323319096475	0.3812039648878214	0.23856616885203882
10	35.47270100766962	0.030398904807169	0.39621564510599944	0.24473370863161495
11	35.393522342046104	0.029512635988664288	0.418946864361237	0.24772628455055867
12	35.34661672665523	0.028686044062844935	0.4409375280127149	0.24524444399501433
13	35.29714351040976	0.02786667624738821	0.4622500203165068	0.24283260995962555
14	35.2960037390391	0.02710374304718611	0.48495661082426894	0.24704533252923155
15	35.26686681807041	0.026352678747729306	0.5004813353210775	0.24968708280884266
16	35.22787959435407	0.02563574674680089	0.5220547931439891	0.2465111325412645
17	35.18591686089834	0.024939831338790186	0.5415269757649913	0.2415590476033275
18	35.165358555944344	0.02427745035167857	0.555195001895174	0.2444763236842051
19	35.158502185344695	0.02363444770393122	0.5734344431691563	0.24415095971505063
20	35.122410989943006	0.023037166247611023	0.590340511587384	0.23314613240111529
21	35.10709557750008	0.02242456084468325	0.6073701379198891	0.24122292455096403
22	35.08564532321432	0.021851870142892166	0.6208430169173782	0.2407423221140878
23	35.05857963363329	0.021303493466971128	0.634071196696759	0.2330418772740151
24	35.05122837066651	0.020742845608273875	0.6488261911890628	0.2329553343750053
25	35.0602990755668	0.020221074698173146	0.6630865426614297	0.23368245525482778
26	35.03326698585793	0.019711655623791773	0.6757115357493046	0.22809288896500687
27	35.02077040502003	0.019203838798570547	0.6882593261503532	0.22365045549304913
28	35.00335099779326	0.0187305321024392	0.6995205713201877	0.226330087276839
29	34.982105286916095	0.01828453634777824	0.7109328751796928	0.22322444554437576
30	34.99486095674576	0.017827138769351235	0.7248787797184517	0.22170908135842538
-1	-1	-1	-1	-1
0	42.800352573394775	0.04706346600230068	0.08779146460346196	0.15039993136506435
1	38.6538302898407	0.042800375805328236	0.13946554192727206	0.17760504630104304
2	37.27571709950765	0.039716399057072346	0.18763825416107796	0.19913038977864347
3	36.802329897880554	0.03768512254908757	0.22484853942852337	0.21308198310287735
4	36.36457977294922	0.0361450738562686	0.2600971079936276	0.22657157008222942
5	36.04708957672119	0.03480569507322601	0.28947251205468616	0.23697288614931367
6	35.86680252211435	0.03371419253370638	0.31950016337626636	0.23650457644278278
7	35.692871659994125	0.03270663672254045	0.3417481561474419	0.24212889486280256
8	35.55084437794156	0.03184835270858098	0.3650942971071923	0.24409917806254455
9	35.518282890319824	0.031075375696128525	0.3844632888473661	0.24533724820891378
10	35.43194473873485	0.030275820474527433	0.40376572983241726	0.25239218205334596
11	35.340568006038666	0.029434114582346817	0.4263267769985044	0.24884466111093498
12	35.26890171491183	0.02858284450904177	0.44736646180018763	0.2565953803340537
13	35.21286194665091	0.02776305644430759	0.46711900232322384	0.24865266528228525
14	35.19492777188619	0.026994711392912183	0.4875395834354579	0.24829752130963964
15	35.16411693394184	0.026247096908281486	0.5075344239232562	0.24589469511620046
16	35.12729197389939	0.02551384892660262	0.5270272232660467	0.25722400544414314
17	35.08799477418264	0.024822154682547323	0.5436946535439042	0.24682313410178264
18	35.063110062950535	0.02416419862021901	0.5634249887623995	0.24213251045200707
19	35.06133605241776	0.02350470601867441	0.5796956221624348	0.24758990120976057
20	35.04326796531677	0.0228873250151898	0.5936436029269008	0.24564433074719824
21	35.02572588487105	0.02230566111886486	0.6081082378529792	0.2426124986309927
22	35.003426230472066	0.02173480435789524	0.6232435804505324	0.23937007864438306
23	34.98079892992973	0.021170858607727456	0.6368160448376827	0.23543751291376933
24	34.96726963996887	0.02061185439221338	0.6507618827099718	0.2342861763384235
25	34.978445649147034	0.020072342385384856	0.665842412828755	0.23141069730758987
26	34.97150869722719	0.019576151029072793	0.6791273932382333	0.22688534890291817
27	34.95887100696564	0.01906779906362121	0.6911393839895305	0.2259882754083894
28	34.941769451930604	0.01861680522350182	0.7032336367031667	0.22348254060265582
29	34.93657507896423	0.018142367723017628	0.714965034939843	0.2217323699254471
30	34.94968776549062	0.01769039266109412	0.7258948437611417	0.2189801109530849
31	34.93473296612501	0.017236578044222385	0.7382752025933002	0.22055836060887235
-1	-1	-1	-1	-1
0	42.73832035064697	0.04695857294622218	0.0876126356185012	0.14511899560849897
1	38.773242235183716	0.04245595724258634	0.14395835960936296	0.16583120792331701
2	37.592615286509194	0.03971765299005892	0.1856310178068921	0.17078010769410312
3	36.7910173535347	0.03802643958145822	0.2202554519008918	0.21459231668583037
4	36.36997919082641	0.03635512096256322	0.2570594383768267	0.22830438725601904
5	36.069238821665444	0.0350568664224153	0.2856352500512426	0.23553978873279272
6	35.83108166285923	0.033941848251840726	0.3134840423785907	0.236796457768117
7	35.67599493265152	0.03294127714229031	0.3352575949522913	0.24016817624800887
8	35.62039542198181	0.0320307730409331	0.35854586965693147	0.24470599468605067
9	35.5061854839325	0.031252388472323915	0.37770933136868584	0.2434908287445373
10	35.43908073685386	0.030490930745251603	0.39653882400047374	0.24577406372769262
11	35.37140625715256	0.029635283423872043	0.4211817301291555	0.2431089784323665
12	35.297490523411675	0.028790961804073863	0.4411337617194754	0.24864860198963815
13	35.322379742349895	0.02799856643293834	0.4602786282906779	0.24947412549555908
14	35.267443323135375	0.027249607946002587	0.4813193989390794	0.2511507354863647
15	35.24393731355667	0.026527564906310412	0.5006555011352326	0.248733826292297
16	35.210717397577625	0.025775855547259374	0.5205517617842547	0.249507574139195
17	35.17011398739285	0.02508038676930952	0.5398754675446105	0.24620498288083642
18	35.18620595179106	0.024456519192701018	0.5515511162937897	0.24371964419282408
19	35.15872182846069	0.02380258410657471	0.5718275047588042	0.24284817493578106
20	35.119387161164056	0.02318035746966077	0.5860437313891673	0.24181965994792784
21	35.10451496731151	0.022595336278757643	0.6024553331105642	0.23809745025348808
22	35.08415266741877	0.022014195562753257	0.6185670256777456	0.23490726585274313
23	35.0566101372242	0.021443876914728984	0.6325729574775021	0.23263878657475554
24	35.060135173797605	0.020901825271514185	0.6466248785126139	0.23154599100322598
25	35.04221156010261	0.020375060251593545	0.6590723762109726	0.231618516182903
26	35.019552107210515	0.0198804078816856	0.6717884121663572	0.22916411626890093
27	35.01203613621848	0.01937210283033316	0.6854659317409315	0.2261714417503379
28	34.99714041578358	0.01889015630042688	0.6971005570657204	0.22499030756954502
29	34.99781126181285	0.01846389029647167	0.7097794336498994	0.22427954390852378
-1	-1	-1	-1	-1
0	42.66398596763611	0.04712207089848354	0.08773044359377495	0.14550990498152444
1	38.62855887413025	0.04320085831013711	0.13256994705848993	0.17545733620800724
2	37.320609172185264	0.03982077686318827	0.18285290128638812	0.19687145071156928
3	36.75826299190521	0.037809886832886844	0.22436495744997736	0.2121754836885816
4	36.36557235717773	0.036246911600134164	0.25730286626630666	0.22014737839784781
5	36.07313656806946	0.03492392979220775	0.2911937719098465	0.2345569653057478
6	35.85930953707014	0.03380989042091013	0.31521418488857833	0.24319050430540604
7	35.73130285739899	0.032840254058050494	0.33898800769807874	0.24071693092563526
8	35.607044988208344	0.03193244499265277	0.3635440204051862	0.25459326144077626
9	35.53100190162659	0.031118353572316942	0.3807035012045487	0.25069356105862517
10	35.460772254250266	0.030419678025225202	0.4028027105736692	0.2585315395227638
11	35.38419049978256	0.029545547322957205	0.4220263687673947	0.25557173059039917
12	35.30936114604656	0.028680795980542573	0.4453504713350414	0.25586602977615064
13	35.261402692113606	0.027894806697110218	0.4647660998969331	0.2573566490211672
14	35.248339128494266	0.027131033198019506	0.48500774996382007	0.25414157163194645
15	35.220864310860634	0.026363874845808117	0.5052991666120225	0.25221894994174626
16	35.18734579927781	0.025683806396862987	0.5236969600023199	0.254795219638726
17	35.147531270980835	0.024973818631278087	0.5403397542904929	0.2544642341558135
18	35.11244857938666	0.02428410878272998	0.5609345597637403	0.25134090647281665
19	35.11578682661057	0.023652416092688536	0.5773182701481484	0.24748131524143552
20	35.08617646353586	0.023015856383833695	0.5926612764799867	0.2483928441006485
21	35.062302589416504	0.02241400879936346	0.6083672503362907	0.2451440860859086
22	35.046954662903495	0.021835224102254632	0.6235803322431868	0.23989764757015325
23	35.02409587303797	0.021281144798408792	0.6367617600395942	0.23729917079504143
24	35.01255054473877	0.02073328672527962	0.652507339729168	0.2360196277381886
25	35.025427653239326	0.020193752285074022	0.668072485468977	0.23600192622402896
-1	-1	-1	-1	-1
0	42.79570245742798	0.047059632203058005	0.08857436739823311	0.14858312028390389
1	38.682960629463196	0.04339878927505391	0.13344877118643336	0.1714715781715134
2	37.39101521174113	0.03993453617208386	0.1807454182513349	0.19251263590874937
3	36.90744662284851	0.03785275586678696	0.2221037996275984	0.20952364368518592
4	36.42532215118408	0.036254388659136674	0.26006692810322685	0.2212538833489837
5	36.166884223620094	0.03500384281384653	0.2877661558371975	0.22916133939952352
6	35.95053325380598	0.03385570919422815	0.3137725165985409	0.24127461882341492
7	35.7641838490963	0.032867119104007546	0.33740906319466335	0.2419263550984306
8	35.72647296057807	0.031959050895552336	0.35834771283580663	0.2424392770202736
9	35.61215307712555	0.031120406573949894	0.38154531083719206	0.25024774857023435
10	35.49439402060075	0.030408168588462233	0.4003941444110246	0.24933342284789
11	35.42343775431315	0.029529832240936964	0.42242923852461456	0.25162925414651516
12	35.353335032096275	0.028665651012840628	0.4409759576620689	0.2552155327831865
13	35.313628792762756	0.027883605156678887	0.46344794161747	0.25182195292246456
14	35.30207420984904	0.027111957869455056	0.4801524605267376	0.25338968615330143
15	35.251224249601364	0.026359863188444285	0.5035686928424489	0.2509351240771514
16	35.22559632974512	0.025658298459331253	0.521753549915978	0.2525326521855536
17	35.18033774693807	0.02495280266014915	0.5413560018413569	0.25000120881261584
18	35.144414826443324	0.024292432521099132	0.5589012456130605	0.24794411398672825
19	35.14024772644043	0.023647421391012786	0.5755584996105036	0.2462451290424367
20	35.11479324386234	0.023054207895574254	0.5913595993633693	0.2452083961336435
21	35.08535880392248	0.02245624071202078	0.605643929668569	0.2453697567674692
22	35.072164131247476	0.021862019101393165	0.6230459363632913	0.23932605766971773
23	35.05708389480909	0.02132955798947295	0.6353249916581757	0.23773457309823823
24	35.055157041549684	0.020787130254188144	0.6495043866140172	0.23949097290903118
25	35.03971559267778	0.020257931889066782	0.6641144405482037	0.23253185488854222
26	35.02681544091966	0.019746768094090386	0.677201998323811	0.2312998509685725
27	35.00470586333956	0.019260843131361956	0.6886171034069651	0.23184922009690245
-1	-1	-1	-1	-1
0	42.75541543960571	0.0470926012623432	0.08742665475700656	0.14999593197528777
1	38.9412727355957	0.042462239307239164	0.14329853678535268	0.17092729744646093
2	37.621520121892296	0.03958978692111828	0.18627058908504265	0.1857615537398558
3	36.80434012413025	0.0376347893668057	0.2283662945833075	0.19101475660863065
4	36.28624014854431	0.03611934150877314	0.25992570726711234	0.22564228686606122
5	36.00779036680857	0.03480834656288212	0.2913780925879934	0.2298615665538425
6	35.878019537244526	0.03366339349421251	0.316241827522163	0.22642828821796257
7	35.7517067193985	0.03268644514774606	0.34240107137100706	0.2447049316598049
8	35.634036991331314	0.031822339034999175	0.36172459948819197	0.24897931351471544
9	35.52514901161194	0.0309862313136306	0.3807495240412369	0.25105777115310013
10	35.457976211201064	0.03025728020098651	0.4041391200206253	0.2608970591719385
11	35.43412069479624	0.029387290966734453	0.42352714557770504	0.25298010506944696
12	35.35975364538339	0.028496802044342563	0.44726326285335655	0.25116383103277673
13	35.34149367468698	0.027714627780635222	0.4676782038066872	0.261416116743828
14	35.30734052658081	0.026907741930948026	0.49063026229063067	0.26102780503113
15	35.25494430959225	0.026168376560424304	0.5088381169785866	0.24979840352656352
16	35.22337820950676	0.025421116037812653	0.5273871376868959	0.263943498895712
17	35.23003241750929	0.024721808712507704	0.5463850349319916	0.25218886019512443
18	35.203829288482666	0.02405201177057654	0.5638190832712568	0.24971365582268776
19	35.17413773536682	0.023402352922632094	0.581322385211555	0.24992163582856758
20	35.14356181735084	0.02277851273007065	0.5972107486780661	0.24721330545533146
21	35.13202302022414	0.02217667137624368	0.6105621611599023	0.2422216018105307
22	35.15060136629187	0.021589718914847247	0.6290999916394182	0.24337695182683092
23	35.12065182129542	0.020994449101342193	0.6425920157035672	0.2407359581305122
24	35.1020507144928	0.020439063815721102	0.6567256688365175	0.23794283663634574
25	35.08198570288145	0.019906850548704624	0.6720605027810437	0.23391681111552
26	35.062237624768855	0.019394648095376523	0.6839783772264848	0.2352713387595442
27	35.073271938732695	0.018863158462003794	0.6984897954381071	0.2347545917463398
28	35.05513102432777	0.018381172607018808	0.7100480967177523	0.22707018181230462
29	35.033427778879805	0.017904763489245953	0.7213904850975573	0.22432173744674955
30	35.02178285198827	0.017454949315090392	0.732677190970593	0.2250152317701221
31	35.001333862543106	0.01700826912728554	0.74364765397353	0.22609686784719146
-1	-1	-1	-1	-1
0	43.31333780288696	0.046998710449107424	0.08798431105159235	0.1510675780737004
1	38.91983509063721	0.04252293630291547	0.14170890556734717	0.17708114421762539
2	37.40536673863729	0.03960451506448323	0.18578788603015703	0.2032887957995945
3	36.69758623838425	0.03765747527924548	0.22448894235106415	0.21020744178918743
4	36.25953073501587	0.03608930102223632	0.2590671119595286	0.23162284358529178
5	36.11793331305186	0.03477810529095357	0.29204413991315464	0.23737968321186878
6	35.89826995985849	0.033678190029580675	0.3150963714175059	0.24786814682511343
7	35.70625779032707	0.03269225808705419	0.34016551738206197	0.2523011780881144
8	35.57981544070773	0.03177645061045362	0.3654017143278332	0.2506306908307965
9	35.476699233055115	0.03097950950485346	0.3845978745741932	0.2522824854410615
10	35.43941684202714	0.030250576485990607	0.40235324688088697	0.2535125486473314
11	35.41763452688853	0.029352991790371253	0.423455565102806	0.2563713407753362
12	35.36277587597187	0.028486651469122718	0.44867476537005707	0.25302186846967006
13	35.320673721177236	0.02766906208011075	0.46893131473919253	0.26000697620750374
14	35.27931491533915	0.026870917879219164	0.4918417300723039	0.2596965594180653
15	35.22827757894993	0.026127268823844682	0.5078091076568255	0.26344343435473794
16	35.22099689876332	0.02540471530815354	0.5276220056282698	0.25095929798341804
17	35.1902246872584	0.024706628639250994	0.5459463421929758	0.2589807380680737
18	35.15164963822616	0.024027668110416744	0.5645899052298581	0.2531416085040102
19	35.13699382543564	0.023389200000684243	0.5793715291329442	0.25171151596480823
20	35.11607657160078	0.022788384078931773	0.5961010304799015	0.24822518025578358
21	35.11712462251837	0.022151761277394412	0.6115980900697052	0.2500922725578412
22	35.09012486623681	0.02154025150370465	0.627714326798529	0.246203441147819
23	35.06956698497137	0.020983329349264796	0.6408463221482605	0.2431881684426676
24	35.0419013595581	0.02044625528574458	0.6556343007700361	0.24006222827822676
25	35.01265121423281	0.01988700601202385	0.6713671616694684	0.23646313559593055
26	35.0204690474051	0.019362951880572615	0.684224231721734	0.2346352823650753
27	34.99828293493816	0.01886439429687226	0.6977510440369907	0.22897587827416868
28	34.98420190811157	0.018365675247756667	0.7096333789518835	0.23034616585587062
29	34.96942377885183	0.01788955941521464	0.7216030911523291	0.22932327792765922
30	34.95401916196269	0.017428974095300667	0.7345397671851311	0.22687072704568575
-1	-1	-1	-1	-1
0	43.36460638046265	0.047261835063669565	0.08667302686396802	0.14228970009462916
1	39.120898842811584	0.04243515893324415	0.1437872581121596	0.1737620498362281
2	37.61997667948405	0.03955284560404016	0.1861585321873043	0.19993207575045502
3	36.80656057596207	0.03757659843857512	0.2286255038838991	0.21668864170034552
4	36.31465797424316	0.03609512380676016	0.2613714809975386	0.22758982679163037
5	36.16004769007365	0.03479310578596557	0.2918688499112348	0.2345450384463774
6	35.90964600018093	0.033748516246235614	0.31477782810976235	0.2423897466509528
7	35.76412361860275	0.0327533988977345	0.3398854862700564	0.24114385734837698
8	35.62923081715902	0.03187358643114022	0.3626273284672029	0.25026619228840963
9	35.51021304130554	0.031075946766259986	0.3859072218928599	0.2432718690594261
10	35.50144410133362	0.03032734015292554	0.4012512240218126	0.25366088028972905
11	35.41518179575602	0.02945674252216728	0.422275528110224	0.2489506332463709
12	35.339164348749016	0.02859562861449456	0.44576104000148653	0.2581484662390636
13	35.2962304353714	0.0277985599772274	0.4669290877971439	0.2580029047591092
14	35.24760330518087	0.02698902944779776	0.49104019390060305	0.24863973597610392
15	35.195206597447395	0.02626197419617083	0.5063029195658691	0.2485961815059702
16	35.195746309616986	0.025551526427644505	0.526408675119386	0.252959295911969
17	35.16119669543372	0.024831482350086104	0.5450401464996704	0.2500185809774837
18	35.149288164941886	0.02414085098438188	0.5622872527092875	0.24411331660910401
19	35.118478453159334	0.023533546164770623	0.5752396211610328	0.24304470948759266
20	35.08855358759562	0.022873993293593797	0.5946520877869386	0.2427589246168094
21	35.099887078458615	0.022299126624636532	0.612090250728783	0.2416918117382716
22	35.07893833906754	0.021676128371662908	0.6272709410129137	0.23619672004174327
23	35.0519392589728	0.021144221293269892	0.6399394344847779	0.23826098488170008
24	35.039897747039795	0.02056682852169647	0.6561083246352997	0.2383352607036357
25	35.02313964183514	0.020033244374211553	0.669432663953827	0.23448227246754227
26	35.02170391435976	0.01952459829552623	0.6804340711506	0.23086642040258895
27	35.01159263508661	0.019045187206292582	0.6914514606099524	0.22806244861629532
-1	-1	-1	-1	-1
0	42.900007486343384	0.047116283852187954	0.0869800841625143	0.14615020352014915
1	38.82150077819824	0.04327142811900752	0.13254837797287866	0.16828657484804765
2	37.400954802831016	0.039854829528874466	0.18126359259370664	0.1851949709369555
3	36.8831050992012	0.037777738447026935	0.2246861007149938	0.20354913567203833
4	36.426841735839844	0.03617898897737961	0.2598143148440299	0.22388235795160788
5	36.10388493537903	0.03485587390086636	0.2905936792729488	0.22640232526490134
6	35.919740608760286	0.0337270475104941	0.31969344067818406	0.24353069440491143
7	35.762590020895004	0.03268864575074135	0.3454778539157505	0.24865572690628962
8	35.70386295848422	0.03179282583078605	0.36505005400579793	0.24885214631554242
9	35.567843198776245	0.03096933581188071	0.3837522184508294	0.24447947067100692
10	35.48564009232955	0.030234926853701743	0.3990975184767949	0.24385666977593165
11	35.400344491004944	0.02934078500014944	0.4245947318354413	0.2466964219620138
12	35.34250853611873	0.028450814768647498	0.4486124099165073	0.2512502655401378
13	35.34154837472098	0.027670068360546737	0.46933204346918583	0.25152220745339654
14	35.317465464274086	0.026928598694557732	0.48538916689536116	0.2539314650118761
15	35.26607835292816	0.026122267561412973	0.5103078861669545	0.24891275221573977
16	35.22525246003095	0.025406200234989795	0.5275621866140798	0.24636285591597823
17	35.205596804618835	0.024690583800669783	0.543994485277652	0.24579903997225191
18	35.18101810154162	0.024007182335991268	0.5625256833581429	0.2470882821266337
19	35.19021607637406	0.02336133330131128	0.5792214757512026	0.25265306400833876
20	35.17031704811823	0.022738436658759898	0.5955949360247035	0.24369246539625983
21	35.14347634532235	0.022107657022676256	0.6130151056601953	0.24183022618379443
22	35.111375539199166	0.02151259435803362	0.6264937277913255	0.24414719633687695
23	35.09526046117147	0.02094029766147571	0.6438698907099806	0.24014774068528374
24	35.099555835723876	0.02040717766162381	0.6553138912581499	0.23484370699663623
25	35.07250396104959	0.01985285546286392	0.6694406694312991	0.23908661254780955
26	35.0494489758103	0.019329173773917633	0.6851650770386917	0.23340557868125442
27	35.03206868682589	0.018812410626968624	0.6974624345923145	0.22958226665476833
28	35.011020479531126	0.018327488662937617	0.7098001010557363	0.22979246793677255
29	35.02286109129588	0.0178668656185068	0.7194166751553985	0.2284218107297626
-1	-1	-1	-1	-1
